0.000000000000000000e+00 6.000000000000000000e+03 5.900000000000000000e+03 5.800000000000000000e+03 6.200000000000000000e+03
0.000000000000000000e+00 8.421500000000000000e+03 9.126000000000000000e+03 7.988000000000000000e+03 8.620500000000000000e+03
0.000000000000000000e+00 1.210366666666666606e+04 1.460133333333333394e+04 1.124233333333333394e+04 1.226100000000000000e+04
0.000000000000000000e+00 1.771600000000000000e+04 2.385050000000000000e+04 1.609550000000000000e+04 1.775075000000000000e+04
0.000000000000000000e+00 2.619540000000000146e+04 3.898280000000000291e+04 2.328740000000000146e+04 2.596920000000000073e+04
0.000000000000000000e+00 3.869583333333333576e+04 6.203050000000000000e+04 3.374166666666666424e+04 3.800983333333333576e+04
0.000000000000000000e+00 5.630228571428571740e+04 9.330900000000000000e+04 4.839200000000000000e+04 5.494742857142857247e+04
0.000000000000000000e+00 7.945087500000000000e+04 1.301808750000000000e+05 6.779325000000000000e+04 7.733612500000000000e+04
0.000000000000000000e+00 1.073590000000000000e+05 1.683545555555555620e+05 9.164944444444443798e+04 1.046485555555555620e+05
0.000000000000000000e+00 1.380841000000000058e+05 2.043903999999999942e+05 1.186626000000000058e+05 1.351952000000000116e+05
0.000000000000000000e+00 1.693286363636363531e+05 2.366613636363636469e+05 1.469689090909090883e+05 1.667636363636363531e+05
0.000000000000000000e+00 1.992833333333333430e+05 2.648665833333333139e+05 1.748374166666666570e+05 1.974515833333333430e+05
0.000000000000000000e+00 2.269310769230769365e+05 2.893290000000000000e+05 2.011006153846153757e+05 2.260781538461538439e+05
0.000000000000000000e+00 2.519081428571428696e+05 3.105636428571428405e+05 2.251870000000000000e+05 2.521347857142857101e+05
0.000000000000000000e+00 2.742431333333333605e+05 3.290857333333333372e+05 2.469502000000000116e+05 2.755542666666666628e+05
0.000000000000000000e+00 2.941502500000000000e+05 3.453454375000000000e+05 2.664824375000000000e+05 2.964981250000000000e+05
0.000000000000000000e+00 3.119062941176470486e+05 3.597157647058823495e+05 2.839831176470587961e+05 3.152193529411764466e+05
0.000000000000000000e+00 3.277892777777777519e+05 3.724998888888888760e+05 2.996833888888888760e+05 3.319887777777777519e+05
0.000000000000000000e+00 3.420524736842105049e+05 3.839430000000000000e+05 3.138087368421052815e+05 3.470611578947368544e+05
0.000000000000000000e+00 3.549165999999999767e+05 3.942439500000000116e+05 3.265635000000000000e+05 3.606624500000000116e+05
0.000000000000000000e+00 3.665698571428571595e+05 4.035648095238095266e+05 3.381261428571428405e+05 3.729876190476190532e+05
0.000000000000000000e+00 3.771711818181818235e+05 4.120387272727272939e+05 3.486499090909091174e+05 3.842025454545454704e+05
0.000000000000000000e+00 3.868546086956521613e+05 4.197760000000000000e+05 3.582651739130434580e+05 3.944477391304347548e+05
0.000000000000000000e+00 3.957331250000000000e+05 4.268685833333333139e+05 3.670827500000000000e+05 4.038420416666666861e+05
0.000000000000000000e+00 4.039024400000000023e+05 4.333937999999999884e+05 3.751968800000000047e+05 4.124863599999999860e+05
