just to check data

[ 0.0           0.002585079]
[0.01   1.27742330803463e-6]
[0.02  6.31241949630995e-10]
[0.03  3.11929801552624e-13]
[0.04  1.54140898198446e-16]
[0.05  7.61691136253457e-20]
[0.06  3.76391601586081e-23]
[0.07  1.86000299337809e-26]
[0.08  9.73525818802928e-30]
[0.09    5.488171848707e-31]
[ 0.1  5.44277549040504e-31]
[0.11  5.44006484699485e-31]
[0.12                   0.0]
[ 0.0           0.002585079]
[0.01   1.27742330803463e-6]
[0.02  6.31241949630995e-10]
[0.03  3.11929801552624e-13]
[0.04  1.54140898198447e-16]
[0.05  7.61691136258577e-20]
[0.06  3.76391606706723e-23]
[0.07  1.86005419979335e-26]
[0.08  1.02473223406457e-29]
[0.09  1.06088133742541e-30]
[ 0.1  1.05634157661768e-30]
[0.11  1.05581759946169e-30]
[0.12                   0.0]
[ 0.0           0.002585079]
[0.01   1.27742330803463e-6]
[0.02  6.31241949630995e-10]
[0.03  3.11929801552624e-13]
[0.04  1.54140898198447e-16]
[0.05  7.61691136263395e-20]
[0.06  3.76391611524116e-23]
[0.07  1.86010237372831e-26]
[0.08  1.07290616902002e-29]
[0.09  1.54262068692177e-30]
[ 0.1  1.53808080853776e-30]
[0.11  1.53731889624347e-30]
[0.12                   0.0]
[ 0.0           0.002585079]
[0.01   1.27742330803463e-6]
[0.02  6.31241949630995e-10]
[0.03  3.11929801552624e-13]
[0.04  1.54140898198448e-16]
[0.05  7.61691136267927e-20]
[0.06  3.76391616056221e-23]
[0.07   1.8601476947686e-26]
[0.08   1.1182272093083e-29]
[0.09  1.99583108974989e-30]
[ 0.1  1.99129110075256e-30]
[0.11  1.99030534400795e-30]
[0.12                   0.0]
[ 0.0           0.002585079]
[0.01   1.27742330803463e-6]
[0.02  6.31241949630995e-10]
[0.03  3.11929801552624e-13]
[0.04  1.54140898198448e-16]
[0.05  7.61691136272191e-20]
[0.06   3.7639162031993e-23]
[0.07  1.86019033186467e-26]
[0.08  1.16086430537926e-29]
[0.09  2.42220205040807e-30]
[ 0.1  2.41766195734801e-30]
[0.11  2.41646561238054e-30]
[0.12                   0.0]
[ 0.0           0.002585079]
[0.01   1.27742330803463e-6]
[0.02  6.31241949630995e-10]
[0.03  3.11929801552624e-13]
[0.04  1.54140898198448e-16]
[0.05  7.61691136276202e-20]
[0.06   3.7639162433114e-23]
[0.07  1.86023044396161e-26]
[0.08  1.20097640231704e-29]
[0.09  2.82332301973752e-30]
[ 0.1   2.8187828287774e-30]
[0.11   2.8173883667713e-30]
[0.12                   0.0]
[ 0.0           0.002585079]
[0.01   1.27742330803463e-6]
[0.02  6.31241949630995e-10]
[0.03  3.11929801552624e-13]
[0.04  1.54140898198449e-16]
[0.05  7.61691136279976e-20]
[0.06  3.76391628104803e-23]
[0.07  1.86026818059165e-26]
[0.08  1.23871303236493e-29]
[0.09  3.20068932017092e-30]
[ 0.1  3.19614903710845e-30]
[0.11  3.19456819069555e-30]
[0.12                   0.0]
[ 0.0           0.002585079]
[0.01   1.27742330803463e-6]
[0.02  6.31241949630995e-10]
[0.03  3.11929801552624e-13]
[0.04  1.54140898198449e-16]
[0.05  7.61691136283526e-20]
[0.06  3.76391631654987e-23]
[0.07  1.86030368243165e-26]
[0.08  1.27421487236049e-29]
[0.09  3.55570772008369e-30]
[ 0.1  3.55116735037324e-30]
[0.11  3.54941115737058e-30]
[0.12                   0.0]
[ 0.0           0.002585079]
[0.01   1.27742330803463e-6]
[0.02  6.31241949630995e-10]
[0.03  3.11929801552624e-13]
[0.04   1.5414089819845e-16]
[0.05  7.61691136286866e-20]
[0.06  3.76391634994926e-23]
[0.07  1.86033708182745e-26]
[0.08  1.30761426815897e-29]
[0.09  3.88970167802816e-30]
[ 0.1  3.88516122680108e-30]
[0.11  3.88324007135834e-30]
[0.12                   0.0]
[ 0.0           0.002585079]
[0.01   1.27742330803463e-6]
[0.02  6.31241949630995e-10]
[0.03  3.11929801552624e-13]
[0.04   1.5414089819845e-16]
[0.05  7.61691136290008e-20]
[0.06  3.76391638137072e-23]
[0.07  1.86036850328729e-26]
[0.08  1.33903572799996e-29]
[0.09  4.20391627640023e-30]
[ 0.1    4.199375748484e-30]
[0.11  4.19729939979412e-30]
[0.12                   0.0]
[ 0.0           0.002585079]
[0.01   1.27742330803463e-6]
[0.02  6.31241949630995e-10]
[0.03  3.11929801552624e-13]
[0.04   1.5414089819845e-16]
[0.05  7.61691136292964e-20]
[0.06  3.76391641093138e-23]
[0.07  1.86039806394595e-26]
[0.08  1.36859638665672e-29]
[0.09  4.49952286293214e-30]
[ 0.1  4.49498226286834e-30]
[0.11  4.49275991158572e-30]
[0.12                   0.0]
[ 0.0           0.002585079]
[0.01   1.27742330803463e-6]
[0.02  6.31241949630995e-10]
[0.03  3.11929801552624e-13]
[0.04   1.5414089819845e-16]
[0.05  7.61691136295745e-20]
[0.06  3.76391643874144e-23]
[0.07  1.86042587400139e-26]
[0.08  1.39640644209791e-29]
[0.09  4.77762341731055e-30]
[ 0.1  4.77308274937182e-30]
[0.11  4.77072304187377e-30]
[0.12                   0.0]
[ 0.0           0.002585079]
[0.01   1.27742330803463e-6]
[0.02  6.31241949630995e-10]
[0.03  3.11929801552624e-13]
[0.04  1.54140898198451e-16]
[0.05  7.61691136298361e-20]
[0.06  3.76391646490456e-23]
[0.07  1.86045203712558e-26]
[0.08  1.42256956629018e-29]
[0.09   5.0392546592017e-30]
[ 0.1  5.03471392740763e-30]
[0.11  5.03222499802686e-30]
[0.12                   0.0]
[ 0.0           0.002585079]
[0.01   1.27742330803463e-6]
[0.02  6.31241949630995e-10]
[0.03  3.11929801552624e-13]
[0.04  1.54140898198451e-16]
[0.05  7.61691136300822e-20]
[0.06  3.76391648951829e-23]
[0.07  1.86047665085096e-26]
[0.08  1.44718329167261e-29]
[0.09  5.28539191299625e-30]
[ 0.1   5.2808511211284e-30]
[0.11  5.27824062247664e-30]
[0.12                   0.0]
[ 0.0           0.002585079]
[0.01   1.27742330803463e-6]
[0.02  6.31241949630995e-10]
[0.03  3.11929801552624e-13]
[0.04  1.54140898198451e-16]
[0.05  7.61691136303138e-20]
[0.06  3.76391651267437e-23]
[0.07  1.86049980693403e-26]
[0.08  1.47033937474396e-29]
[0.09  5.51695274368185e-30]
[ 0.1  5.51241189529785e-30]
[0.11  5.50968702679373e-30]
[0.12                   0.0]
[ 0.0           0.002585079]
[0.01   1.27742330803463e-6]
[0.02  6.31241949630995e-10]
[0.03  3.11929801552624e-13]
[0.04  1.54140898198451e-16]
[0.05  7.61691136305316e-20]
[0.06  3.76391653445913e-23]
[0.07  1.86052159169741e-26]
[0.08  1.49212413811791e-29]
[0.09  5.73480037739505e-30]
[ 0.1   5.7302594758418e-30]
[0.11  5.72742701054927e-30]
[0.12                   0.0]