 Final Project, Porous Diffusion of metal into bone

 Distance
[ 0.0           0.002585079           0.002585079           0.002585079           0.002585079           0.002585079           0.002585079           0.002585079           0.002585079           0.002585079           0.002585079           0.002585079           0.002585079           0.002585079           0.002585079           0.002585079           0.002585079  0.0]
[0.01     1.543653563506e-5     1.543653563506e-5     1.543653563506e-5     1.543653563506e-5     1.543653563506e-5     1.543653563506e-5     1.543653563506e-5     1.543653563506e-5     1.543653563506e-5     1.543653563506e-5     1.543653563506e-5     1.543653563506e-5     1.543653563506e-5     1.543653563506e-5     1.543653563506e-5     1.543653563506e-5  0.0]
[0.02   9.21776984039902e-8   9.21776984039902e-8   9.21776984039902e-8   9.21776984039902e-8   9.21776984039902e-8   9.21776984039902e-8   9.21776984039902e-8   9.21776984039902e-8   9.21776984039902e-8   9.21776984039902e-8   9.21776984039902e-8   9.21776984039902e-8   9.21776984039902e-8   9.21776984039902e-8   9.21776984039902e-8   9.21776984039902e-8  0.0]
[0.03  5.50429726202467e-10  5.50429726202467e-10  5.50429726202467e-10  5.50429726202467e-10  5.50429726202467e-10  5.50429726202467e-10  5.50429726202467e-10  5.50429726202467e-10  5.50429726202467e-10  5.50429726202467e-10  5.50429726202467e-10  5.50429726202467e-10  5.50429726202467e-10  5.50429726202467e-10  5.50429726202467e-10  5.50429726202467e-10  0.0]
[0.04  3.28683498409837e-12  3.28683498409893e-12  3.28683498409893e-12  3.28683498409893e-12  3.28683498409893e-12  3.28683498409893e-12  3.28683498409893e-12  3.28683498409893e-12  3.28683498409893e-12  3.28683498409893e-12  3.28683498409893e-12  3.28683498409893e-12  3.28683498409893e-12  3.28683498409893e-12  3.28683498409893e-12  3.28683498409893e-12  0.0]
[0.05  1.96270040861137e-14  1.96270040866753e-14  1.96270040866753e-14  1.96270040866753e-14  1.96270040866753e-14  1.96270040866753e-14  1.96270040866753e-14  1.96270040866753e-14  1.96270040866753e-14  1.96270040866753e-14  1.96270040866753e-14  1.96270040866753e-14  1.96270040866753e-14  1.96270040866753e-14  1.96270040866753e-14  1.96270040866753e-14  0.0]
[0.06  1.17204807015623e-16  1.17204807577138e-16  1.17204807577213e-16  1.17204807577213e-16  1.17204807577213e-16  1.17204807577213e-16  1.17204807577213e-16  1.17204807577213e-16  1.17204807577213e-16  1.17204807577213e-16  1.17204807577213e-16  1.17204807577213e-16  1.17204807577213e-16  1.17204807577213e-16  1.17204807577213e-16  1.17204807577213e-16  0.0]
[0.07  7.04030132338049e-19   7.0403069385215e-19   7.0403069392758e-19   7.0403069392758e-19   7.0403069392758e-19   7.0403069392758e-19   7.0403069392758e-19   7.0403069392758e-19   7.0403069392758e-19   7.0403069392758e-19   7.0403069392758e-19   7.0403069392758e-19   7.0403069392758e-19   7.0403069392758e-19   7.0403069392758e-19   7.0403069392758e-19  0.0]
[0.08   8.3576233413556e-21  8.35818485545636e-21  8.35818493088624e-21  8.35818493088624e-21  8.35818493088624e-21  8.35818493088624e-21  8.35818493088624e-21  8.35818493088624e-21  8.35818493088624e-21  8.35818493088624e-21  8.35818493088624e-21  8.35818493088624e-21  8.35818493088624e-21  8.35818493088624e-21  8.35818493088624e-21  8.35818493088624e-21  0.0]
[0.09   4.2034850107162e-21   4.2040465246981e-21  4.20404660012796e-21  4.20404660012796e-21  4.20404660012796e-21  4.20404660012796e-21  4.20404660012796e-21  4.20404660012796e-21  4.20404660012796e-21  4.20404660012796e-21  4.20404660012796e-21  4.20404660012796e-21  4.20404660012796e-21  4.20404660012796e-21  4.20404660012796e-21  4.20404660012796e-21  0.0]
[ 0.1  4.17853089593291e-21  4.17909239001073e-21  4.17909246543792e-21  4.17909246543792e-21  4.17909246543792e-21  4.17909246543792e-21  4.17909246543792e-21  4.17909246543792e-21  4.17909246543792e-21  4.17909246543792e-21  4.17909246543792e-21  4.17909246543792e-21  4.17909246543792e-21  4.17909246543792e-21  4.17909246543792e-21  4.17909246543792e-21  0.0]
[0.11  4.15358009480938e-21   4.1541382557685e-21  4.15413833074794e-21  4.15413833074794e-21  4.15413833074794e-21  4.15413833074794e-21  4.15413833074794e-21  4.15413833074794e-21  4.15413833074794e-21  4.15413833074794e-21  4.15413833074794e-21  4.15413833074794e-21  4.15413833074794e-21  4.15413833074794e-21  4.15413833074794e-21  4.15413833074794e-21  0.0]
[0.12                   0.0                   0.0                   0.0                   0.0                   0.0                   0.0                   0.0                   0.0                   0.0                   0.0                   0.0                   0.0                   0.0                   0.0                   0.0                   0.0  0.0]