 Final Project, Porous Diffusion of metal into bone

 Distance
[ 0.0           0.002585079           0.002585079           0.002585079           0.002585079           0.002585079           0.002585079           0.002585079           0.002585079           0.002585079           0.002585079           0.002585079           0.002585079           0.002585079           0.002585079           0.002585079           0.002585079  0.0]
[0.01   1.84087361941105e-7   1.84087361941105e-7   1.84087361941105e-7   1.84087361941105e-7   1.84087361941105e-7   1.84087361941105e-7   1.84087361941105e-7   1.84087361941105e-7   1.84087361941105e-7   1.84087361941105e-7   1.84087361941105e-7   1.84087361941105e-7   1.84087361941105e-7   1.84087361941105e-7   1.84087361941105e-7   1.84087361941105e-7  0.0]
[0.02  1.31091377967309e-11  1.31091377967309e-11  1.31091377967309e-11  1.31091377967309e-11  1.31091377967309e-11  1.31091377967309e-11  1.31091377967309e-11  1.31091377967309e-11  1.31091377967309e-11  1.31091377967309e-11  1.31091377967309e-11  1.31091377967309e-11  1.31091377967309e-11  1.31091377967309e-11  1.31091377967309e-11  1.31091377967309e-11  0.0]
[0.03   9.3352141049563e-16   9.3352141049563e-16   9.3352141049563e-16   9.3352141049563e-16   9.3352141049563e-16   9.3352141049563e-16   9.3352141049563e-16   9.3352141049563e-16   9.3352141049563e-16   9.3352141049563e-16   9.3352141049563e-16   9.3352141049563e-16   9.3352141049563e-16   9.3352141049563e-16   9.3352141049563e-16   9.3352141049563e-16  0.0]
[0.04  6.64774630770201e-20  6.64774630770201e-20  6.64774630770201e-20  6.64774630770201e-20  6.64774630770201e-20  6.64774630770201e-20  6.64774630770201e-20  6.64774630770201e-20  6.64774630770201e-20  6.64774630770201e-20  6.64774630770201e-20  6.64774630770201e-20  6.64774630770201e-20  6.64774630770201e-20  6.64774630770201e-20  6.64774630770201e-20  0.0]
[0.05  4.73396008647544e-24  4.73396008647545e-24  4.73396008647545e-24  4.73396008647545e-24  4.73396008647545e-24  4.73396008647545e-24  4.73396008647546e-24  4.73396008647546e-24  4.73396008647546e-24  4.73396008647546e-24  4.73396008647546e-24  4.73396008647547e-24  4.73396008647547e-24  4.73396008647547e-24  4.73396008647547e-24  4.73396008647548e-24  0.0]
[0.06   3.3711241469191e-28  3.37112414694073e-28  3.37112414696234e-28  3.37112414698392e-28  3.37112414700546e-28  3.37112414702699e-28  3.37112414704848e-28  3.37112414706995e-28  3.37112414709139e-28   3.3711241471128e-28  3.37112414713419e-28  3.37112414715555e-28  3.37112414717688e-28  3.37112414719819e-28  3.37112414721946e-28  3.37112414724072e-28  0.0]
[0.07  2.40062840232936e-32  2.40062861864581e-32   2.4006288346882e-32  2.40062905045687e-32  2.40062926595216e-32  2.40062948117444e-32  2.40062969612403e-32  2.40062991080129e-32  2.40063012520655e-32  2.40063033934018e-32   2.4006305532025e-32  2.40063076679387e-32  2.40063098011463e-32  2.40063119316511e-32  2.40063140594567e-32  2.40063161845664e-32  0.0]
[0.08  1.71168924356491e-36    1.713852408087e-36  1.71601283195256e-36  1.71817051863391e-36  1.72032547159898e-36  1.72247769431128e-36  1.72462719022996e-36  1.72677396280978e-36   1.7289180155011e-36  1.73105935174995e-36  1.73319797499795e-36  1.73533388868239e-36   1.7374670962362e-36  1.73959760108795e-36  1.74172540666187e-36  1.74385051637786e-36  0.0]
[0.09  2.28755970932324e-39  4.45072423141087e-39  6.61114809697141e-39  8.76883477832418e-39  1.09237877433892e-38   1.3076010455693e-38  1.52255063743737e-38   1.7372278954187e-38  1.95163316455111e-38  2.16576678943537e-38  2.37962911423554e-38  2.59322048267971e-38  2.80654123806043e-38  3.01959172323529e-38  3.23237228062753e-38  3.44488325222663e-38  0.0]
[ 0.1  2.16583063455668e-39  4.32899514567551e-39  6.48941900028115e-39   8.6471056706929e-39  1.08020586248307e-38  1.29542813262212e-38  1.51037772340025e-38  1.72505498029301e-38  1.93946024833823e-38  2.15359387213668e-38  2.36745619585241e-38  2.58104756321352e-38  2.79436831751255e-38   3.0074188016071e-38  3.22019935792038e-38   3.4327103284419e-38  0.0]
[0.11  2.16566774620749e-39  4.32867822609744e-39  6.48894824462658e-39  8.64648127386696e-39  1.08012807814916e-38  1.29533502307804e-38  1.51026930806253e-38  1.72493127855358e-38  1.93932127956444e-38  2.15343965567135e-38  2.36728675101385e-38  2.58086290929557e-38  2.79416847378459e-38  3.00720378731411e-38  3.21996919228297e-38   3.4324650306563e-38  0.0]
[0.12                   0.0                   0.0                   0.0                   0.0                   0.0                   0.0                   0.0                   0.0                   0.0                   0.0                   0.0                   0.0                   0.0                   0.0                   0.0                   0.0  0.0]