 Final Project, Porous Diffusion of metal into bone

 Distance
[ 0.0           0.002585079           0.002585079           0.002585079           0.002585079           0.002585079           0.002585079           0.002585079           0.002585079           0.002585079           0.002585079           0.002585079           0.002585079           0.002585079           0.002585079           0.002585079           0.002585079  0.0]
[0.01   2.76111382355024e-7   2.76111382355024e-7   2.76111382355024e-7   2.76111382355024e-7   2.76111382355024e-7   2.76111382355024e-7   2.76111382355024e-7   2.76111382355024e-7   2.76111382355024e-7   2.76111382355024e-7   2.76111382355024e-7   2.76111382355024e-7   2.76111382355024e-7   2.76111382355024e-7   2.76111382355024e-7   2.76111382355024e-7  0.0]
[0.02  2.94913600187856e-11  2.94913600187856e-11  2.94913600187856e-11  2.94913600187856e-11  2.94913600187856e-11  2.94913600187856e-11  2.94913600187856e-11  2.94913600187856e-11  2.94913600187856e-11  2.94913600187856e-11  2.94913600187856e-11  2.94913600187856e-11  2.94913600187856e-11  2.94913600187856e-11  2.94913600187856e-11  2.94913600187856e-11  0.0]
[0.03  3.14996183184985e-15  3.14996183184985e-15  3.14996183184985e-15  3.14996183184985e-15  3.14996183184985e-15  3.14996183184985e-15  3.14996183184985e-15  3.14996183184985e-15  3.14996183184985e-15  3.14996183184985e-15  3.14996183184985e-15  3.14996183184985e-15  3.14996183184985e-15  3.14996183184985e-15  3.14996183184985e-15  3.14996183184985e-15  0.0]
[0.04  3.36446319728576e-19  3.36446319728576e-19  3.36446319728576e-19  3.36446319728576e-19  3.36446319728576e-19  3.36446319728576e-19  3.36446319728576e-19  3.36446319728576e-19  3.36446319728576e-19  3.36446319728576e-19  3.36446319728576e-19  3.36446319728576e-19  3.36446319728576e-19  3.36446319728576e-19  3.36446319728576e-19  3.36446319728576e-19  0.0]
[0.05   3.5935713542417e-23  3.59357135424172e-23  3.59357135424173e-23  3.59357135424174e-23  3.59357135424175e-23  3.59357135424176e-23  3.59357135424178e-23  3.59357135424179e-23   3.5935713542418e-23  3.59357135424181e-23  3.59357135424183e-23  3.59357135424184e-23  3.59357135424185e-23  3.59357135424186e-23  3.59357135424187e-23  3.59357135424189e-23  0.0]
[0.06  3.83828097417265e-27    3.838280974297e-27  3.83828097442101e-27  3.83828097454465e-27  3.83828097466795e-27  3.83828097479089e-27  3.83828097491348e-27  3.83828097503573e-27  3.83828097515763e-27  3.83828097527917e-27  3.83828097540038e-27  3.83828097552124e-27  3.83828097564175e-27  3.83828097576192e-27  3.83828097588175e-27  3.83828097600123e-27  0.0]
[0.07  4.09965570871308e-31  4.09965695225658e-31  4.09965819225845e-31  4.09965942872879e-31  4.09966066167764e-31  4.09966189111504e-31  4.09966311705099e-31  4.09966433949545e-31  4.09966555845838e-31  4.09966677394969e-31  4.09966798597926e-31  4.09966919455696e-31  4.09967039969262e-31  4.09967160139604e-31  4.09967279967698e-31  4.09967399454521e-31  0.0]
[0.08  4.39129702112218e-35  4.40373245614358e-35  4.41613247489564e-35  4.42849717824433e-35  4.44082666676836e-35  4.45312104075995e-35  4.46538040022573e-35  4.47760484488749e-35  4.48979447418302e-35  4.50194938726689e-35   4.5140696830113e-35  4.52615546000687e-35  4.53820681656338e-35  4.55022385071066e-35  4.56220666019937e-35  4.57415534250173e-35  0.0]
[0.09  1.29381539333921e-37  2.53735889547706e-37  3.77736077068177e-37  5.01383110554956e-37  6.24677995795021e-37  7.47621735710816e-37  8.70215330368469e-37   9.9245977698593e-37  1.11435606994103e-36  1.23590520077961e-36   1.3571081582236e-36  1.47796592817909e-36  1.59847949374402e-36  1.71864983521676e-36   1.8384779301037e-36  1.95796475312717e-36  0.0]
[ 0.1   1.2470502814415e-37  2.49059376939414e-37  3.73059563045405e-37  4.96706595121732e-37  6.20001478955362e-37  7.42945217468728e-37  8.65538810727945e-37  9.87783255950953e-37  1.10967954751558e-36  1.23122867696763e-36  1.35243163302905e-36   1.4732894016059e-36  1.59380296579613e-36  1.71397330589807e-36  1.83380139941812e-36   1.9532882210786e-36  0.0]
[0.11  1.24691210476465e-37  2.49032278445669e-37  3.73019221549553e-37  4.96653048340002e-37  6.19934764496569e-37  7.42865372834575e-37   8.6544587331333e-37  9.87677263044274e-37  1.10956053629903e-36  1.23109668451753e-36   1.3522866963161e-36  1.47313155749551e-36  1.59363225104873e-36  1.71378975716939e-36   1.8336050532595e-36  1.95307911393726e-36  0.0]
[0.12                   0.0                   0.0                   0.0                   0.0                   0.0                   0.0                   0.0                   0.0                   0.0                   0.0                   0.0                   0.0                   0.0                   0.0                   0.0                   0.0  0.0]