 Final Project, Porous Diffusion of metal into bone

 Distance
[ 0.0           0.002585079           0.002585079           0.002585079           0.002585079           0.002585079           0.002585079           0.002585079           0.002585079           0.002585079           0.002585079           0.002585079           0.002585079           0.002585079           0.002585079           0.002585079           0.002585079  0.0]
[0.01   1.72904929798195e-6   1.72904929798195e-6   1.72904929798195e-6   1.72904929798195e-6   1.72904929798195e-6   1.72904929798195e-6   1.72904929798195e-6   1.72904929798195e-6   1.72904929798195e-6   1.72904929798195e-6   1.72904929798195e-6   1.72904929798195e-6   1.72904929798195e-6   1.72904929798195e-6   1.72904929798195e-6   1.72904929798195e-6  0.0]
[0.02   1.15648747092521e-9   1.15648747092521e-9   1.15648747092521e-9   1.15648747092521e-9   1.15648747092521e-9   1.15648747092521e-9   1.15648747092521e-9   1.15648747092521e-9   1.15648747092521e-9   1.15648747092521e-9   1.15648747092521e-9   1.15648747092521e-9   1.15648747092521e-9   1.15648747092521e-9   1.15648747092521e-9   1.15648747092521e-9  0.0]
[0.03  7.73525238388521e-13  7.73525238388521e-13  7.73525238388521e-13  7.73525238388521e-13  7.73525238388521e-13  7.73525238388521e-13  7.73525238388521e-13  7.73525238388521e-13  7.73525238388521e-13  7.73525238388521e-13  7.73525238388521e-13  7.73525238388521e-13  7.73525238388521e-13  7.73525238388521e-13  7.73525238388521e-13  7.73525238388521e-13  0.0]
[0.04  5.17378103495878e-16  5.17378103495888e-16  5.17378103495897e-16  5.17378103495905e-16  5.17378103495912e-16  5.17378103495918e-16  5.17378103495923e-16  5.17378103495928e-16  5.17378103495933e-16  5.17378103495937e-16  5.17378103495941e-16  5.17378103495944e-16  5.17378103495947e-16  5.17378103495949e-16  5.17378103495951e-16  5.17378103495953e-16  0.0]
[0.05   3.4605218899271e-19  3.46052189002507e-19  3.46052189011268e-19  3.46052189019102e-19  3.46052189026107e-19  3.46052189032371e-19  3.46052189037972e-19   3.4605218904298e-19  3.46052189047458e-19  3.46052189051463e-19  3.46052189055043e-19  3.46052189058245e-19  3.46052189061108e-19  3.46052189063668e-19  3.46052189065957e-19  3.46052189068004e-19  0.0]
[0.06   2.3145958895165e-22  2.31459598749238e-22  2.31459607510093e-22  2.31459615343917e-22  2.31459622348804e-22  2.31459628612469e-22  2.31459634213343e-22  2.31459639221561e-22  2.31459643699833e-22  2.31459647704237e-22  2.31459651284914e-22  2.31459654486702e-22  2.31459657349692e-22  2.31459659909734e-22  2.31459662198886e-22  2.31459664245811e-22  0.0]
[0.07  1.54824415179694e-25   1.5483421276721e-25  1.54842973622122e-25  1.54850807446384e-25  1.54857812333828e-25  1.54864075998478e-25   1.5486967687289e-25  1.54874685090273e-25  1.54879163362683e-25  1.54883167766296e-25  1.54886748443581e-25  1.54889950231177e-25   1.5489281322133e-25  1.54895373263924e-25   1.5489766241538e-25  1.54899709340069e-25  0.0]
[0.08  1.14504673413987e-28  1.24302260929534e-28  1.33063115841691e-28  1.40896940104049e-28   1.4790182754812e-28  1.54165492197823e-28  1.59766366609753e-28  1.64774583992476e-28    1.692528564028e-28  1.73257260015594e-28   1.7683793730026e-28  1.80039724896281e-28   1.8290271505011e-28  1.85462757643535e-28  1.87751909099885e-28  1.89798833789174e-28  0.0]
[0.09  1.10258001725103e-29  2.08233876851276e-29  2.95842425946649e-29  3.74180668546798e-29   4.4422954296656e-29  5.06866189444869e-29  5.62874933547416e-29  6.12957107359673e-29  6.57739831449518e-29  6.97783867565487e-29  7.33590640401435e-29  7.65608516352074e-29  7.94238417881799e-29  8.19838843808395e-29  8.42730358365056e-29  8.63199605251824e-29  0.0]
[ 0.1  1.09565826609138e-29  2.07541657933096e-29  2.95150167861189e-29  3.73488375438547e-29  4.43537218541459e-29  5.06173837016712e-29   5.6218255607935e-29  6.12264707501297e-29  6.57047411570066e-29   6.9709142978349e-29  7.32898186611252e-29  7.64916048247614e-29  7.93545936977728e-29  8.19146351459104e-29  8.42037855781623e-29  8.62507093517176e-29  0.0]
[0.11  1.09492129327843e-29  2.07402472561932e-29  2.94952424028271e-29  3.73238269512768e-29   4.4324029122238e-29  5.05835042714272e-29  5.61806324952156e-29  6.11855000930325e-29  6.56607771762407e-29  6.96625024127274e-29   7.3240784733715e-29  7.64404307893552e-29  7.93015060100906e-29  8.18598362992398e-29  8.41474566389454e-29  8.61930122268346e-29  0.0]
[0.12                   0.0                   0.0                   0.0                   0.0                   0.0                   0.0                   0.0                   0.0                   0.0                   0.0                   0.0                   0.0                   0.0                   0.0                   0.0                   0.0  0.0]