 Final Project, Porous Diffusion of metal into bone

 Distance
[ 0.0           0.002585079           0.002585079           0.002585079           0.002585079           0.002585079           0.002585079           0.002585079           0.002585079           0.002585079           0.002585079           0.002585079           0.002585079           0.002585079           0.002585079           0.002585079           0.002585079  0.0]
[0.01   7.17113653000765e-7   7.17113653000765e-7   7.17113653000765e-7   7.17113653000765e-7   7.17113653000765e-7   7.17113653000765e-7   7.17113653000765e-7   7.17113653000765e-7   7.17113653000765e-7   7.17113653000765e-7   7.17113653000765e-7   7.17113653000765e-7   7.17113653000765e-7   7.17113653000765e-7   7.17113653000765e-7   7.17113653000765e-7  0.0]
[0.02  1.98930861037555e-10  1.98930861037555e-10  1.98930861037555e-10  1.98930861037555e-10  1.98930861037555e-10  1.98930861037555e-10  1.98930861037555e-10  1.98930861037555e-10  1.98930861037555e-10  1.98930861037555e-10  1.98930861037555e-10  1.98930861037555e-10  1.98930861037555e-10  1.98930861037555e-10  1.98930861037555e-10  1.98930861037555e-10  0.0]
[0.03  5.51844011162631e-14  5.51844011162631e-14  5.51844011162631e-14  5.51844011162631e-14  5.51844011162631e-14  5.51844011162631e-14  5.51844011162631e-14  5.51844011162631e-14  5.51844011162631e-14  5.51844011162631e-14  5.51844011162631e-14  5.51844011162631e-14  5.51844011162631e-14  5.51844011162631e-14  5.51844011162631e-14  5.51844011162631e-14  0.0]
[0.04   1.5308424799839e-17   1.5308424799839e-17   1.5308424799839e-17   1.5308424799839e-17   1.5308424799839e-17   1.5308424799839e-17   1.5308424799839e-17   1.5308424799839e-17   1.5308424799839e-17   1.5308424799839e-17   1.5308424799839e-17   1.5308424799839e-17   1.5308424799839e-17   1.5308424799839e-17   1.5308424799839e-17   1.5308424799839e-17  0.0]
[0.05  4.24663247425107e-21  4.24663247425276e-21  4.24663247425443e-21  4.24663247425606e-21  4.24663247425766e-21  4.24663247425923e-21  4.24663247426077e-21  4.24663247426227e-21  4.24663247426376e-21  4.24663247426521e-21  4.24663247426663e-21  4.24663247426803e-21   4.2466324742694e-21  4.24663247427075e-21  4.24663247427207e-21  4.24663247427336e-21  0.0]
[0.06   1.1780367760621e-24  1.17803677775655e-24  1.17803677941872e-24  1.17803678104921e-24  1.17803678264864e-24  1.17803678421759e-24  1.17803678575665e-24  1.17803678726638e-24  1.17803678874734e-24  1.17803679020009e-24  1.17803679162515e-24  1.17803679302306e-24  1.17803679439433e-24  1.17803679573947e-24  1.17803679705898e-24  1.17803679835335e-24  0.0]
[0.07  3.26794933469072e-28  3.26796627923822e-28  3.26798290091582e-28  3.26799920587565e-28  3.26801520015262e-28  3.26803088966663e-28  3.26804628022478e-28  3.26806137752353e-28  3.26807618715079e-28    3.268090714588e-28  3.26810496521215e-28  3.26811894429777e-28   3.2681326570189e-28  3.26814610845097e-28  3.26815930357272e-28  3.26817224726802e-28  0.0]
[0.08  9.23813448969497e-32  9.40757996462128e-32  9.57379674063641e-32  9.73684633898582e-32  9.89678910865842e-32  1.00536842487232e-31  1.02075898302405e-31  1.03585628177556e-31  1.05066590903829e-31  1.06519334624879e-31   1.0794439703976e-31  1.09342305601939e-31  1.10713577714518e-31  1.12058720921744e-31  1.13378233096861e-31  1.14672602626388e-31  0.0]
[0.09  1.75244705725682e-33  3.44690180648381e-33   5.1090695665996e-33  6.73956555005893e-33  8.33899324675073e-33  9.90794464736484e-33  1.14470004625053e-32  1.29567303376242e-32  1.44376930638653e-32  1.58904367848846e-32  1.73154991997354e-32   1.8713407761884e-32  2.00846798744337e-32  2.14298230816309e-32  2.27493352567203e-32  2.40437047862192e-32  0.0]
[ 0.1  1.72730602152356e-33  3.42176064039248e-33  5.08392827263413e-33  6.71442413065588e-33  8.31385170430026e-33  9.88280298421154e-33  1.14218586809491e-32  1.29315884399212e-32  1.44125510522287e-32  1.58652946614853e-32   1.7290356966703e-32  1.86882654213074e-32  2.00595374283622e-32  2.14046805320746e-32  2.27241926056511e-32  2.40185620355713e-32  0.0]
[0.11  1.72682002082755e-33  3.42080471995741e-33  5.08251138654596e-33  6.71255506238496e-33  8.31153906995226e-33  9.88005523571657e-33    1.141868410919e-32  1.29279951778021e-32  1.44085470776852e-32  1.58608878004378e-32  1.72855548959524e-32  1.86830756713774e-32  2.00539673862859e-32  2.13987374441291e-32   2.2717883580039e-32  2.40118940450522e-32  0.0]
[0.12                   0.0                   0.0                   0.0                   0.0                   0.0                   0.0                   0.0                   0.0                   0.0                   0.0                   0.0                   0.0                   0.0                   0.0                   0.0                   0.0  0.0]