 Final Project, Porous Diffusion of metal into bone

 Distance
[ 0.0           0.002585079           0.002585079           0.002585079           0.002585079           0.002585079           0.002585079           0.002585079           0.002585079           0.002585079           0.002585079           0.002585079           0.002585079           0.002585079           0.002585079           0.002585079           0.002585079  0.0]
[0.01   1.79353030432973e-7   1.79353030432973e-7   1.79353030432973e-7   1.79353030432973e-7   1.79353030432973e-7   1.79353030432973e-7   1.79353030432973e-7   1.79353030432973e-7   1.79353030432973e-7   1.79353030432973e-7   1.79353030432973e-7   1.79353030432973e-7   1.79353030432973e-7   1.79353030432973e-7   1.79353030432973e-7   1.79353030432973e-7  0.0]
[0.02  1.24435305557358e-11  1.24435305557358e-11  1.24435305557358e-11  1.24435305557358e-11  1.24435305557358e-11  1.24435305557358e-11  1.24435305557358e-11  1.24435305557358e-11  1.24435305557358e-11  1.24435305557358e-11  1.24435305557358e-11  1.24435305557358e-11  1.24435305557358e-11  1.24435305557358e-11  1.24435305557358e-11  1.24435305557358e-11  0.0]
[0.03   8.6333335053069e-16   8.6333335053069e-16   8.6333335053069e-16   8.6333335053069e-16   8.6333335053069e-16   8.6333335053069e-16   8.6333335053069e-16   8.6333335053069e-16   8.6333335053069e-16   8.6333335053069e-16   8.6333335053069e-16   8.6333335053069e-16   8.6333335053069e-16   8.6333335053069e-16   8.6333335053069e-16   8.6333335053069e-16  0.0]
[0.04  5.98981511557409e-20  5.98981511557409e-20  5.98981511557409e-20  5.98981511557409e-20  5.98981511557409e-20  5.98981511557409e-20  5.98981511557409e-20  5.98981511557409e-20  5.98981511557409e-20  5.98981511557409e-20  5.98981511557409e-20  5.98981511557409e-20  5.98981511557409e-20  5.98981511557409e-20  5.98981511557409e-20  5.98981511557409e-20  0.0]
[0.05  4.15573950626439e-24  4.15573950626439e-24  4.15573950626439e-24   4.1557395062644e-24   4.1557395062644e-24   4.1557395062644e-24   4.1557395062644e-24   4.1557395062644e-24   4.1557395062644e-24  4.15573950626441e-24  4.15573950626441e-24  4.15573950626441e-24  4.15573950626441e-24  4.15573950626441e-24  4.15573950626441e-24  4.15573950626442e-24  0.0]
[0.06  2.88325607899357e-28  2.88325607901024e-28  2.88325607902689e-28  2.88325607904352e-28  2.88325607906013e-28  2.88325607907673e-28   2.8832560790933e-28  2.88325607910985e-28  2.88325607912638e-28  2.88325607914289e-28  2.88325607915939e-28  2.88325607917586e-28  2.88325607919231e-28  2.88325607920874e-28  2.88325607922516e-28  2.88325607924155e-28  0.0]
[0.07  2.00040601632109e-32  2.00040618303772e-32  2.00040634955385e-32  2.00040651586971e-32  2.00040668198555e-32   2.0004068479016e-32  2.00040701361811e-32  2.00040717913532e-32  2.00040734445347e-32  2.00040750957279e-32  2.00040767449352e-32  2.00040783921591e-32  2.00040800374019e-32   2.0004081680666e-32  2.00040833219539e-32  2.00040849612677e-32  0.0]
[0.08  1.38955261535385e-36  1.39121978168313e-36  1.39288494295203e-36    1.394548101572e-36  1.39620925995156e-36  1.39786842049636e-36  1.39952558560915e-36  1.40118075768978e-36  1.40283393913522e-36  1.40448513233957e-36  1.40613433969403e-36  1.40778156358694e-36  1.40942680640375e-36  1.41107007052706e-36   1.4127113583366e-36  1.41435067220922e-36  0.0]
[0.09   1.7653984978498e-39  3.43256482713025e-39  5.09772609603428e-39  6.76088471599901e-39  8.42204309556193e-39  1.00812036403631e-38  1.17383687531499e-38  1.33935408337798e-38  1.50467222792243e-38  1.66979154835717e-38  1.83471228380313e-38  1.99943467309363e-38  2.16395895477478e-38  2.32828536710579e-38  2.49241414805928e-38  2.65634553532174e-38  0.0]
[ 0.1  1.66911367881439e-39  3.33628000007033e-39  5.00144126095949e-39  6.66459987291901e-39  8.32575824448633e-39  9.98491878130151e-39  1.16420838861119e-38  1.32972559587751e-38  1.49504373962624e-38  1.66016305926621e-38  1.82508379391836e-38  1.98980618241602e-38  2.15433046330527e-38  2.31865687484533e-38  2.48278565500882e-38  2.64671704148224e-38  0.0]
[0.11  1.66899120425702e-39   3.3360418653767e-39  5.00108760523123e-39  6.66413083509045e-39  8.32517396332472e-39   9.9842193954072e-39  1.16412695339186e-38  1.32963267785499e-38  1.49493935261062e-38  1.66004721705097e-38  1.82495651028039e-38  1.98966747111564e-38  2.15418033808625e-38  2.31849534943491e-38  2.48261274311775e-38  2.64653275680474e-38  0.0]
[0.12                   0.0                   0.0                   0.0                   0.0                   0.0                   0.0                   0.0                   0.0                   0.0                   0.0                   0.0                   0.0                   0.0                   0.0                   0.0                   0.0  0.0]