 Final Project, Porous Diffusion of metal into bone

 Distance
[ 0.0           0.002585079           0.002585079           0.002585079           0.002585079           0.002585079           0.002585079           0.002585079           0.002585079           0.002585079           0.002585079           0.002585079           0.002585079           0.002585079           0.002585079           0.002585079           0.002585079  0.0]
[0.01   2.02911091870963e-7   2.02911091870963e-7   2.02911091870963e-7   2.02911091870963e-7   2.02911091870963e-7   2.02911091870963e-7   2.02911091870963e-7   2.02911091870963e-7   2.02911091870963e-7   2.02911091870963e-7   2.02911091870963e-7   2.02911091870963e-7   2.02911091870963e-7   2.02911091870963e-7   2.02911091870963e-7   2.02911091870963e-7  0.0]
[0.02  1.59271384759485e-11  1.59271384759485e-11  1.59271384759485e-11  1.59271384759485e-11  1.59271384759485e-11  1.59271384759485e-11  1.59271384759485e-11  1.59271384759485e-11  1.59271384759485e-11  1.59271384759485e-11  1.59271384759485e-11  1.59271384759485e-11  1.59271384759485e-11  1.59271384759485e-11  1.59271384759485e-11  1.59271384759485e-11  0.0]
[0.03   1.2501718742579e-15   1.2501718742579e-15   1.2501718742579e-15   1.2501718742579e-15   1.2501718742579e-15   1.2501718742579e-15   1.2501718742579e-15   1.2501718742579e-15   1.2501718742579e-15   1.2501718742579e-15   1.2501718742579e-15   1.2501718742579e-15   1.2501718742579e-15   1.2501718742579e-15   1.2501718742579e-15   1.2501718742579e-15  0.0]
[0.04  9.81299759241549e-20  9.81299759241549e-20  9.81299759241549e-20  9.81299759241549e-20  9.81299759241549e-20  9.81299759241549e-20  9.81299759241549e-20  9.81299759241549e-20  9.81299759241549e-20  9.81299759241549e-20  9.81299759241549e-20  9.81299759241549e-20  9.81299759241549e-20  9.81299759241549e-20  9.81299759241549e-20  9.81299759241549e-20  0.0]
[0.05  7.70253464595922e-24  7.70253464595922e-24  7.70253464595923e-24  7.70253464595923e-24  7.70253464595924e-24  7.70253464595924e-24  7.70253464595925e-24  7.70253464595926e-24  7.70253464595926e-24  7.70253464595927e-24  7.70253464595927e-24  7.70253464595928e-24  7.70253464595928e-24  7.70253464595929e-24   7.7025346459593e-24   7.7025346459593e-24  0.0]
[0.06  6.04596499836301e-28  6.04596499842026e-28  6.04596499847741e-28  6.04596499853448e-28  6.04596499859146e-28  6.04596499864835e-28  6.04596499870516e-28  6.04596499876187e-28  6.04596499881851e-28  6.04596499887505e-28   6.0459649989315e-28  6.04596499898787e-28  6.04596499904415e-28  6.04596499910035e-28  6.04596499915646e-28  6.04596499921248e-28  0.0]
[0.07  4.74567124417605e-32  4.74567181661632e-32  4.74567238817553e-32  4.74567295885506e-32  4.74567352865624e-32  4.74567409758044e-32  4.74567466562901e-32  4.74567523280328e-32  4.74567579910461e-32  4.74567636453434e-32  4.74567692909381e-32  4.74567749278437e-32  4.74567805560734e-32  4.74567861756406e-32  4.74567917865588e-32  4.74567973888411e-32  0.0]
[0.08  3.73076119748981e-36  3.73648560013507e-36  3.74220119229774e-36  3.74790798753812e-36  3.75360599939562e-36  3.75929524138885e-36  3.76497572701558e-36  3.77064746975281e-36  3.77631048305682e-36  3.78196478036316e-36  3.78761037508669e-36  3.79324728062166e-36  3.79887551034166e-36  3.80449507759974e-36  3.81010599572837e-36   3.8157082780395e-36  0.0]
[0.09   6.0253865780833e-39  1.17497892233452e-38  1.74653813860143e-38  2.31721766263875e-38  2.88701884838918e-38  3.45594304771159e-38  4.02399161038404e-38  4.59116588410736e-38  5.15746721450792e-38  5.72289694514107e-38  6.28745641749431e-38  6.85114697099048e-38  7.41396994299081e-38  7.97592666879832e-38   8.5370184816606e-38  9.09724671277364e-38  0.0]
[ 0.1  5.73302015461023e-39  1.14574227646058e-38  1.71730148920629e-38  2.28798100972783e-38  2.85778219196788e-38  3.42670638778532e-38   3.9947549469582e-38  4.56192921718733e-38  5.12823054409908e-38  5.69366027124879e-38  6.25821974012394e-38  6.82191029014739e-38  7.38473325868034e-38   7.9466899810258e-38  8.50778179043137e-38  9.06801001809301e-38  0.0]
[0.11  5.73254724173057e-39  1.14565005603796e-38  1.71716440879987e-38  2.28779913838204e-38  2.85755559862089e-38  3.42643514126917e-38  3.99443911599902e-38  4.56156887040546e-38  5.12782575000924e-38  5.69321109826026e-38  6.25772625654071e-38  6.82137256416832e-38  7.38415135839931e-38  7.94606397443191e-38  8.50711174540905e-38  9.06729600242224e-38  0.0]
[0.12                   0.0                   0.0                   0.0                   0.0                   0.0                   0.0                   0.0                   0.0                   0.0                   0.0                   0.0                   0.0                   0.0                   0.0                   0.0                   0.0  0.0]