 Final Project, Porous Diffusion of metal into bone

 Distance
[ 0.0           0.002585079           0.002585079           0.002585079           0.002585079           0.002585079           0.002585079           0.002585079           0.002585079           0.002585079           0.002585079           0.002585079           0.002585079           0.002585079           0.002585079           0.002585079           0.002585079  0.0]
[0.01   7.17471852750538e-8   7.17471852750538e-8   7.17471852750538e-8   7.17471852750538e-8   7.17471852750538e-8   7.17471852750538e-8   7.17471852750538e-8   7.17471852750538e-8   7.17471852750538e-8   7.17471852750538e-8   7.17471852750538e-8   7.17471852750538e-8   7.17471852750538e-8   7.17471852750538e-8   7.17471852750538e-8   7.17471852750538e-8  0.0]
[0.02  1.99129643422615e-12  1.99129643422615e-12  1.99129643422615e-12  1.99129643422615e-12  1.99129643422615e-12  1.99129643422615e-12  1.99129643422615e-12  1.99129643422615e-12  1.99129643422615e-12  1.99129643422615e-12  1.99129643422615e-12  1.99129643422615e-12  1.99129643422615e-12  1.99129643422615e-12  1.99129643422615e-12  1.99129643422615e-12  0.0]
[0.03  5.52671365958168e-17  5.52671365958168e-17  5.52671365958168e-17  5.52671365958168e-17  5.52671365958168e-17  5.52671365958168e-17  5.52671365958168e-17  5.52671365958168e-17  5.52671365958168e-17  5.52671365958168e-17  5.52671365958168e-17  5.52671365958168e-17  5.52671365958168e-17  5.52671365958168e-17  5.52671365958168e-17  5.52671365958168e-17  0.0]
[0.04    1.533903408353e-21    1.533903408353e-21    1.533903408353e-21    1.533903408353e-21    1.533903408353e-21    1.533903408353e-21    1.533903408353e-21    1.533903408353e-21    1.533903408353e-21    1.533903408353e-21    1.533903408353e-21    1.533903408353e-21    1.533903408353e-21    1.533903408353e-21    1.533903408353e-21    1.533903408353e-21  0.0]
[0.05  4.25724908341832e-26  4.25724908341832e-26  4.25724908341832e-26  4.25724908341832e-26  4.25724908341832e-26  4.25724908341832e-26  4.25724908341832e-26  4.25724908341832e-26  4.25724908341832e-26  4.25724908341832e-26  4.25724908341832e-26  4.25724908341832e-26  4.25724908341832e-26  4.25724908341832e-26  4.25724908341832e-26  4.25724908341832e-26  0.0]
[0.06  1.18157177691712e-30  1.18157177691729e-30  1.18157177691747e-30  1.18157177691764e-30  1.18157177691782e-30  1.18157177691799e-30  1.18157177691817e-30  1.18157177691834e-30  1.18157177691852e-30  1.18157177691869e-30  1.18157177691887e-30  1.18157177691904e-30  1.18157177691922e-30  1.18157177691939e-30  1.18157177691957e-30  1.18157177691974e-30  0.0]
[0.07  3.27937558764266e-35  3.27937560516527e-35  3.27937562268451e-35  3.27937564020037e-35  3.27937565771287e-35  3.27937567522199e-35  3.27937569272774e-35  3.27937571023011e-35  3.27937572772912e-35  3.27937574522476e-35  3.27937576271703e-35  3.27937578020593e-35  3.27937579769146e-35  3.27937581517363e-35  3.27937583265243e-35  3.27937585012786e-35  0.0]
[0.08  9.10344600167508e-40  9.10519826295001e-40    9.106950186814e-40  9.10870177333203e-40  9.11045302256906e-40  9.11220393459003e-40  9.11395450945987e-40   9.1157047472435e-40  9.11745464800584e-40  9.11920421181178e-40  9.12095343872621e-40  9.12270232881398e-40  9.12445088213997e-40  9.12619909876903e-40  9.12794697876597e-40  9.12969452219562e-40  0.0]
[0.09  2.00514022299611e-43  3.75740149792302e-43  5.50932536191568e-43  7.26091187994508e-43  9.01216111696973e-43  1.07630731379355e-42   1.2513648007776e-42   1.4263885791412e-42  1.60137865537519e-42  1.77633503596919e-42  1.95125772741155e-42  2.12614673618934e-42  2.30100206878844e-42  2.47582373169342e-42  2.65061173138764e-42  2.82536607435319e-42  0.0]
[ 0.1  1.75253565375617e-43  3.50479692733334e-43  5.25672078997653e-43   7.0083073066567e-43   8.7595565423324e-43  1.05104685619495e-42  1.22610434304415e-42  1.40112812127293e-42  1.57611819737213e-42  1.75107457783137e-42  1.92599726913899e-42  2.10088627778207e-42  2.27574161024647e-42   2.4505632730168e-42  2.62535127257638e-42  2.80010561540732e-42  0.0]
[0.11  1.75248000413332e-43  3.50469264618891e-43  5.25656788667488e-43   7.0081057905604e-43   8.7593064228022e-43  1.05101698483443e-42  1.22606961321185e-42  1.40108853390439e-42   1.5760737534027e-42  1.75102527819622e-42  1.92594311477312e-42  2.10082726962029e-42  2.27567774922343e-42  2.45049456006693e-42  2.62527770863397e-42  2.80002720140646e-42  0.0]
[0.12                   0.0                   0.0                   0.0                   0.0                   0.0                   0.0                   0.0                   0.0                   0.0                   0.0                   0.0                   0.0                   0.0                   0.0                   0.0                   0.0  0.0]