 Final Project, Porous Diffusion of metal into bone

 Distance
[ 0.0           0.002585079           0.002585079           0.002585079           0.002585079           0.002585079           0.002585079           0.002585079           0.002585079           0.002585079           0.002585079           0.002585079           0.002585079           0.002585079           0.002585079           0.002585079           0.002585079  0.0]
[0.01   1.26619119736427e-5   1.26619119736427e-5   1.26619119736427e-5   1.26619119736427e-5   1.26619119736427e-5   1.26619119736427e-5   1.26619119736427e-5   1.26619119736427e-5   1.26619119736427e-5   1.26619119736427e-5   1.26619119736427e-5   1.26619119736427e-5   1.26619119736427e-5   1.26619119736427e-5   1.26619119736427e-5   1.26619119736427e-5  0.0]
[0.02   6.20190001266025e-8   6.20190001266025e-8   6.20190001266025e-8   6.20190001266025e-8   6.20190001266025e-8   6.20190001266025e-8   6.20190001266025e-8   6.20190001266025e-8   6.20190001266025e-8   6.20190001266025e-8   6.20190001266025e-8   6.20190001266025e-8   6.20190001266025e-8   6.20190001266025e-8   6.20190001266025e-8   6.20190001266025e-8  0.0]
[0.03   3.0377374165299e-10  3.03773741652992e-10  3.03773741652992e-10  3.03773741652992e-10  3.03773741652992e-10  3.03773741652992e-10  3.03773741652992e-10  3.03773741652992e-10  3.03773741652992e-10  3.03773741652992e-10  3.03773741652992e-10  3.03773741652992e-10  3.03773741652992e-10  3.03773741652992e-10  3.03773741652992e-10  3.03773741652992e-10  0.0]
[0.04  1.48790670571838e-12  1.48790670572051e-12  1.48790670572051e-12  1.48790670572051e-12  1.48790670572051e-12  1.48790670572051e-12  1.48790670572051e-12  1.48790670572051e-12  1.48790670572051e-12  1.48790670572051e-12  1.48790670572051e-12  1.48790670572051e-12  1.48790670572051e-12  1.48790670572051e-12  1.48790670572051e-12  1.48790670572051e-12  0.0]
[0.05  7.28788015002609e-15  7.28788015214806e-15  7.28788015215333e-15  7.28788015215335e-15  7.28788015215335e-15  7.28788015215335e-15  7.28788015215335e-15  7.28788015215335e-15  7.28788015215335e-15  7.28788015215335e-15  7.28788015215335e-15  7.28788015215335e-15  7.28788015215335e-15  7.28788015215335e-15  7.28788015215335e-15  7.28788015215335e-15  0.0]
[0.06   3.5697436900213e-17  3.56974390221898e-17  3.56974390274594e-17  3.56974390274725e-17  3.56974390274725e-17  3.56974390274725e-17  3.56974390274725e-17  3.56974390274725e-17  3.56974390274725e-17  3.56974390274725e-17  3.56974390274725e-17  3.56974390274725e-17  3.56974390274725e-17  3.56974390274725e-17  3.56974390274725e-17  3.56974390274725e-17  0.0]
[0.07  1.75698829394786e-19   1.7570095137156e-19  1.75700956641192e-19  1.75700956654278e-19  1.75700956654307e-19  1.75700956654307e-19  1.75700956654307e-19  1.75700956654307e-19  1.75700956654307e-19  1.75700956654307e-19  1.75700956654307e-19  1.75700956654307e-19  1.75700956654307e-19  1.75700956654307e-19  1.75700956654307e-19  1.75700956654307e-19  0.0]
[0.08  1.71067638098764e-21  1.71279835776023e-21  1.71280362739282e-21  1.71280364047909e-21  1.71280364050791e-21  1.71280364050791e-21  1.71280364050791e-21  1.71280364050791e-21  1.71280364050791e-21  1.71280364050791e-21  1.71280364050791e-21  1.71280364050791e-21  1.71280364050791e-21  1.71280364050791e-21  1.71280364050791e-21  1.71280364050791e-21  0.0]
[0.09  8.58469181073733e-22  8.60591157598177e-22  8.60596427230146e-22  8.60596440316421e-22  8.60596440345239e-22  8.60596440345239e-22  8.60596440345239e-22  8.60596440345239e-22  8.60596440345239e-22  8.60596440345239e-22  8.60596440345239e-22  8.60596440345239e-22  8.60596440345239e-22  8.60596440345239e-22  8.60596440345239e-22  8.60596440345239e-22  0.0]
[ 0.1  8.54274611768316e-22  8.56396537631065e-22  8.56401807137223e-22  8.56401820223185e-22  8.56401820252002e-22  8.56401820252002e-22  8.56401820252002e-22  8.56401820252002e-22  8.56401820252002e-22  8.56401820252002e-22  8.56401820252002e-22  8.56401820252002e-22  8.56401820252002e-22  8.56401820252002e-22  8.56401820252002e-22  8.56401820252002e-22  0.0]
[0.11   8.5009036036247e-22  8.52201943287014e-22  8.52207187107931e-22  8.52207200130108e-22  8.52207200158785e-22  8.52207200158785e-22  8.52207200158785e-22  8.52207200158785e-22  8.52207200158785e-22  8.52207200158785e-22  8.52207200158785e-22  8.52207200158785e-22  8.52207200158785e-22  8.52207200158785e-22  8.52207200158785e-22  8.52207200158785e-22  0.0]
[0.12                   0.0                   0.0                   0.0                   0.0                   0.0                   0.0                   0.0                   0.0                   0.0                   0.0                   0.0                   0.0                   0.0                   0.0                   0.0                   0.0  0.0]