 Final Project, Porous Diffusion of metal into bone

 Distance
[ 0.0           0.002585079           0.002585079           0.002585079           0.002585079           0.002585079           0.002585079           0.002585079           0.002585079           0.002585079           0.002585079           0.002585079           0.002585079           0.002585079           0.002585079           0.002585079           0.002585079  0.0]
[0.01   3.85844624901231e-7   3.85844624901231e-7   3.85844624901231e-7   3.85844624901231e-7   3.85844624901231e-7   3.85844624901231e-7   3.85844624901231e-7   3.85844624901231e-7   3.85844624901231e-7   3.85844624901231e-7   3.85844624901231e-7   3.85844624901231e-7   3.85844624901231e-7   3.85844624901231e-7   3.85844624901231e-7   3.85844624901231e-7  0.0]
[0.02  5.75905318812972e-11  5.75905318812972e-11  5.75905318812972e-11  5.75905318812972e-11  5.75905318812972e-11  5.75905318812972e-11  5.75905318812972e-11  5.75905318812972e-11  5.75905318812972e-11  5.75905318812972e-11  5.75905318812972e-11  5.75905318812972e-11  5.75905318812972e-11  5.75905318812972e-11  5.75905318812972e-11  5.75905318812972e-11  0.0]
[0.03  8.59586773618969e-15  8.59586773618969e-15  8.59586773618969e-15  8.59586773618969e-15  8.59586773618969e-15  8.59586773618969e-15  8.59586773618969e-15  8.59586773618969e-15  8.59586773618969e-15  8.59586773618969e-15  8.59586773618969e-15  8.59586773618969e-15  8.59586773618969e-15  8.59586773618969e-15  8.59586773618969e-15  8.59586773618969e-15  0.0]
[0.04  1.28300503093743e-18  1.28300503093743e-18  1.28300503093743e-18  1.28300503093743e-18  1.28300503093743e-18  1.28300503093743e-18  1.28300503093743e-18  1.28300503093743e-18  1.28300503093743e-18  1.28300503093743e-18  1.28300503093743e-18  1.28300503093743e-18  1.28300503093743e-18  1.28300503093743e-18  1.28300503093743e-18  1.28300503093743e-18  0.0]
[0.05  1.91499213334856e-22  1.91499213334859e-22  1.91499213334863e-22  1.91499213334866e-22   1.9149921333487e-22  1.91499213334873e-22  1.91499213334877e-22   1.9149921333488e-22  1.91499213334883e-22  1.91499213334887e-22   1.9149921333489e-22  1.91499213334893e-22  1.91499213334897e-22    1.914992133349e-22  1.91499213334903e-22  1.91499213334906e-22  0.0]
[0.06  2.85828565189726e-26  2.85828565224896e-26   2.8582856525987e-26  2.85828565294651e-26  2.85828565329238e-26  2.85828565363633e-26  2.85828565397837e-26  2.85828565431851e-26  2.85828565465677e-26  2.85828565499314e-26  2.85828565532765e-26  2.85828565566029e-26  2.85828565599109e-26  2.85828565632006e-26  2.85828565664719e-26  2.85828565697251e-26  0.0]
[0.07  4.26623352436965e-30   4.2662370413719e-30   4.2662405388406e-30  4.26624401688424e-30  4.26624747561072e-30  4.26625091512731e-30  4.26625433554072e-30  4.26625773695703e-30  4.26626111948177e-30  4.26626448321985e-30  4.26626782827562e-30  4.26627115475285e-30   4.2662744627547e-30  4.26627775238381e-30   4.2662810237422e-30  4.26628427693137e-30  0.0]
[0.08  6.40306949705611e-34  6.43823951953701e-34  6.47321420655083e-34  6.50799464299723e-34  6.54258190775026e-34   6.5769770736919e-34   6.6111812077453e-34  6.64519537090788e-34  6.67902061828422e-34  6.71265799911886e-34  6.74610855682879e-34   6.7793733290358e-34  6.81245334759874e-34  6.84534963864542e-34  6.87806322260454e-34  6.91059511423732e-34  0.0]
[0.09  3.63154637880169e-36  7.14854862687985e-36  1.06460173282511e-35  1.41240609728787e-35  1.75827874481708e-35  2.10223040423237e-35  2.44427174476518e-35  2.78441337638982e-35  3.12266585015212e-35  3.45903965849743e-35   3.7935452355956e-35  4.12619295766463e-35  4.45699314329288e-35   4.7859560537586e-35  5.11309189334875e-35  5.43841080967541e-35  0.0]
[ 0.1  3.53651718015146e-36  7.05351934988934e-36  1.05509879733554e-35  1.40290315405106e-35  1.74877579387604e-35   2.0927274456299e-35  2.43476877854383e-35  2.77491040259191e-35  3.11316286881973e-35   3.4495366696724e-35  3.78404223931955e-35  4.11668995397894e-35  4.44749013223871e-35  4.77645303537686e-35  5.10358886768015e-35  5.42890777676042e-35  0.0]
[0.11  3.53597522454093e-36  7.05245253066831e-36  1.05493992056337e-35  1.40269237232074e-35  1.74851339546943e-35  2.09241371722773e-35  2.43440400523459e-35  2.77449486788069e-35  3.11269685463704e-35   3.4490204563829e-35  3.78347610573072e-35  4.11607417734979e-35  4.44682498828832e-35  4.77573879829296e-35  5.10282581012763e-35  5.42809616988978e-35  0.0]
[0.12                   0.0                   0.0                   0.0                   0.0                   0.0                   0.0                   0.0                   0.0                   0.0                   0.0                   0.0                   0.0                   0.0                   0.0                   0.0                   0.0  0.0]