 Final Project, Porous Diffusion of metal into bone

 Distance
[ 0.0           0.002585079           0.002585079           0.002585079           0.002585079           0.002585079           0.002585079           0.002585079           0.002585079           0.002585079           0.002585079           0.002585079           0.002585079           0.002585079           0.002585079           0.002585079           0.002585079  0.0]
[0.01   2.55686758881892e-7   2.55686758881892e-7   2.55686758881892e-7   2.55686758881892e-7   2.55686758881892e-7   2.55686758881892e-7   2.55686758881892e-7   2.55686758881892e-7   2.55686758881892e-7   2.55686758881892e-7   2.55686758881892e-7   2.55686758881892e-7   2.55686758881892e-7   2.55686758881892e-7   2.55686758881892e-7   2.55686758881892e-7  0.0]
[0.02  2.52896405361409e-11  2.52896405361409e-11  2.52896405361409e-11  2.52896405361409e-11  2.52896405361409e-11  2.52896405361409e-11  2.52896405361409e-11  2.52896405361409e-11  2.52896405361409e-11  2.52896405361409e-11  2.52896405361409e-11  2.52896405361409e-11  2.52896405361409e-11  2.52896405361409e-11  2.52896405361409e-11  2.52896405361409e-11  0.0]
[0.03   2.5013650344821e-15   2.5013650344821e-15   2.5013650344821e-15   2.5013650344821e-15   2.5013650344821e-15   2.5013650344821e-15   2.5013650344821e-15   2.5013650344821e-15   2.5013650344821e-15   2.5013650344821e-15   2.5013650344821e-15   2.5013650344821e-15   2.5013650344821e-15   2.5013650344821e-15   2.5013650344821e-15   2.5013650344821e-15  0.0]
[0.04  2.47406720818675e-19  2.47406720818675e-19  2.47406720818675e-19  2.47406720818675e-19  2.47406720818675e-19  2.47406720818675e-19  2.47406720818675e-19  2.47406720818675e-19  2.47406720818675e-19  2.47406720818675e-19  2.47406720818675e-19  2.47406720818675e-19  2.47406720818675e-19  2.47406720818675e-19  2.47406720818675e-19  2.47406720818675e-19  0.0]
[0.05  2.44706728775887e-23  2.44706728775888e-23  2.44706728775888e-23  2.44706728775889e-23   2.4470672877589e-23   2.4470672877589e-23  2.44706728775891e-23  2.44706728775891e-23  2.44706728775892e-23  2.44706728775892e-23  2.44706728775893e-23  2.44706728775894e-23  2.44706728775894e-23  2.44706728775895e-23  2.44706728775895e-23  2.44706728775896e-23  0.0]
[0.06  2.42036202215838e-27  2.42036202221608e-27  2.42036202227364e-27  2.42036202233106e-27  2.42036202238833e-27  2.42036202244547e-27  2.42036202250247e-27  2.42036202255933e-27  2.42036202261604e-27  2.42036202267263e-27  2.42036202272907e-27  2.42036202278537e-27  2.42036202284154e-27  2.42036202289757e-27  2.42036202295346e-27  2.42036202300922e-27  0.0]
[0.07  2.39394877396892e-31  2.39394935095445e-31  2.39394992653055e-31  2.39395050070067e-31  2.39395107346824e-31  2.39395164483668e-31  2.39395221480941e-31  2.39395278338985e-31   2.3939533505814e-31  2.39395391638743e-31  2.39395448081135e-31  2.39395504385653e-31  2.39395560552633e-31  2.39395616582412e-31  2.39395672475324e-31  2.39395728231704e-31  0.0]
[0.08  2.37360638020098e-35  2.37937623549583e-35   2.3851319965137e-35  2.39087369768331e-35  2.39660137334926e-35  2.40231505777225e-35  2.40801478512931e-35  2.41370058951397e-35  2.41937250493648e-35  2.42503056532401e-35  2.43067480452086e-35  2.43630525628866e-35  2.44192195430656e-35  2.44752493217144e-35  2.45311422339812e-35  2.45868986141955e-35  0.0]
[0.09  6.01795070551566e-38  1.17878060003562e-37   1.7543567018226e-37  2.32852681878298e-37  2.90129438537712e-37  3.47266282767587e-37  4.04263556338124e-37  4.61121600184647e-37  5.17840754409668e-37  5.74421358284912e-37   6.3086375025339e-37  6.87168267931312e-37  7.43335248110227e-37  7.99365026758982e-37  8.55257939025735e-37  9.11014319239966e-37  0.0]
[ 0.1  5.78377559591269e-38  1.15536308343128e-37  1.73093917958799e-37  2.30510929093186e-37  2.87787685192321e-37  3.44924528863286e-37  4.01921801876278e-37  4.58779845166618e-37  5.15498998836814e-37  5.72079602158589e-37   6.2852199357495e-37  6.84826510702103e-37  7.40993490331595e-37  7.97023268432269e-37  8.52916180152279e-37  9.08672559821104e-37  0.0]
[0.11  5.78318042949294e-38  1.15524650355462e-37   1.7307656758675e-37   2.3048790024179e-37  2.87758991732647e-37  3.44890184632518e-37  4.01881820677802e-37  4.58734240770101e-37  5.15447784978286e-37  5.72022792540527e-37  6.28459601866361e-37  6.84758550538602e-37   7.4091997531549e-37   7.9694421213264e-37  8.52831596105061e-37  9.08582461529166e-37  0.0]
[0.12                   0.0                   0.0                   0.0                   0.0                   0.0                   0.0                   0.0                   0.0                   0.0                   0.0                   0.0                   0.0                   0.0                   0.0                   0.0                   0.0  0.0]