 Final Project, Porous Diffusion of metal into bone

 Distance
[ 0.0           0.002585079           0.002585079           0.002585079           0.002585079           0.002585079           0.002585079           0.002585079           0.002585079           0.002585079           0.002585079           0.002585079           0.002585079           0.002585079           0.002585079           0.002585079           0.002585079  0.0]
[0.01   3.11698084468126e-6   3.11698084468126e-6   3.11698084468126e-6   3.11698084468126e-6   3.11698084468126e-6   3.11698084468126e-6   3.11698084468126e-6   3.11698084468126e-6   3.11698084468126e-6   3.11698084468126e-6   3.11698084468126e-6   3.11698084468126e-6   3.11698084468126e-6   3.11698084468126e-6   3.11698084468126e-6   3.11698084468126e-6  0.0]
[0.02   3.75832598775895e-9   3.75832598775895e-9   3.75832598775895e-9   3.75832598775895e-9   3.75832598775895e-9   3.75832598775895e-9   3.75832598775895e-9   3.75832598775895e-9   3.75832598775895e-9   3.75832598775895e-9   3.75832598775895e-9   3.75832598775895e-9   3.75832598775895e-9   3.75832598775895e-9   3.75832598775895e-9   3.75832598775895e-9  0.0]
[0.03   4.5316333125264e-12   4.5316333125264e-12  4.53163331252641e-12  4.53163331252641e-12  4.53163331252641e-12  4.53163331252641e-12  4.53163331252641e-12  4.53163331252641e-12  4.53163331252641e-12  4.53163331252641e-12  4.53163331252641e-12  4.53163331252641e-12  4.53163331252641e-12  4.53163331252641e-12  4.53163331252641e-12  4.53163331252641e-12  0.0]
[0.04  5.46405515277227e-15  5.46405515277471e-15  5.46405515277641e-15   5.4640551527776e-15  5.46405515277842e-15  5.46405515277899e-15  5.46405515277939e-15  5.46405515277967e-15  5.46405515277986e-15  5.46405515277999e-15  5.46405515278008e-15  5.46405515278015e-15  5.46405515278019e-15  5.46405515278022e-15  5.46405515278025e-15  5.46405515278026e-15  0.0]
[0.05  6.58833066786741e-18  6.58833067031442e-18  6.58833067201575e-18  6.58833067319861e-18  6.58833067402101e-18   6.5883306745928e-18  6.58833067499034e-18  6.58833067526674e-18  6.58833067545891e-18  6.58833067559251e-18  6.58833067568541e-18  6.58833067574999e-18  6.58833067579489e-18  6.58833067582611e-18  6.58833067584782e-18  6.58833067586291e-18  0.0]
[0.06  7.94393888043127e-21  7.94394132744669e-21  7.94394302876667e-21  7.94394421163198e-21  7.94394503403481e-21  7.94394560582131e-21  7.94394600336345e-21  7.94394627975992e-21  7.94394647192824e-21   7.9439466055358e-21  7.94394669842824e-21  7.94394676301295e-21  7.94394680791632e-21  7.94394683913599e-21  7.94394686084187e-21  7.94394687593318e-21  0.0]
[0.07  9.58198656180277e-24  9.58443357721915e-24  9.58613489719628e-24  9.58731776251263e-24  9.58814016533833e-24  9.58871195182863e-24  9.58910949398225e-24  9.58938589044596e-24  9.58957805875931e-24  9.58971166633214e-24  9.58980455877215e-24  9.58986914347515e-24  9.58991404684793e-24   9.5899452665144e-24  9.58996697240227e-24  9.58998206370918e-24  0.0]
[0.08  1.50687024043164e-26  1.75157178206938e-26  1.92170377978276e-26  2.03999031141727e-26  2.12223059398714e-26  2.17940924301596e-26  2.21916345837857e-26    2.246803104749e-26  2.26601993608411e-26  2.27938069336778e-26  2.28866993736854e-26   2.2951284076688e-26  2.29961874494661e-26  2.30274071159367e-26  2.30491130038076e-26  2.30642043107151e-26  0.0]
[0.09  3.53331036163095e-27  5.98032577372393e-27  7.68164574787892e-27  8.86451106215292e-27  9.68691388641174e-27  1.02587003756988e-26  1.06562425286289e-26  1.09326389918492e-26  1.11248073048638e-26  1.12584148774665e-26  1.13513073173115e-26  1.14158920202011e-26  1.14607953929005e-26  1.14920150593165e-26  1.15137209471493e-26  1.15288122540305e-26  0.0]
[ 0.1  3.51939635475817e-27  5.96640821352868e-27  7.66772571718902e-27  8.85058931381879e-27  9.67299094386265e-27  1.02447766028558e-26  1.06423181785131e-26  1.09187142403768e-26   1.1110882274343e-26  1.12444896529335e-26   1.1337381957889e-26  1.14019665669948e-26  1.14468698744898e-26  1.14780894955716e-26  1.14997953518852e-26  1.15148866368522e-26  0.0]
[0.11  3.51514118685461e-27  5.95920608944564e-27  7.65847468267152e-27   8.8399137471017e-27  9.66132495220872e-27  1.02324220051067e-26   1.0629484818228e-26  1.09055480140782e-26  1.10974846185263e-26  1.12309310926698e-26  1.13237115266708e-26  1.13882183560094e-26  1.14330675860879e-26  1.14642496091274e-26  1.14859293249026e-26   1.1501002435313e-26  0.0]
[0.12                   0.0                   0.0                   0.0                   0.0                   0.0                   0.0                   0.0                   0.0                   0.0                   0.0                   0.0                   0.0                   0.0                   0.0                   0.0                   0.0  0.0]