 Final Project, Porous Diffusion of metal into bone

 Distance
[ 0.0           0.002585079           0.002585079           0.002585079           0.002585079           0.002585079           0.002585079           0.002585079           0.002585079           0.002585079           0.002585079           0.002585079           0.002585079           0.002585079           0.002585079           0.002585079           0.002585079  0.0]
[0.01   2.57255345089244e-7   2.57255345089244e-7   2.57255345089244e-7   2.57255345089244e-7   2.57255345089244e-7   2.57255345089244e-7   2.57255345089244e-7   2.57255345089244e-7   2.57255345089244e-7   2.57255345089244e-7   2.57255345089244e-7   2.57255345089244e-7   2.57255345089244e-7   2.57255345089244e-7   2.57255345089244e-7   2.57255345089244e-7  0.0]
[0.02  2.56008859214693e-11  2.56008859214693e-11  2.56008859214693e-11  2.56008859214693e-11  2.56008859214693e-11  2.56008859214693e-11  2.56008859214693e-11  2.56008859214693e-11  2.56008859214693e-11  2.56008859214693e-11  2.56008859214693e-11  2.56008859214693e-11  2.56008859214693e-11  2.56008859214693e-11  2.56008859214693e-11  2.56008859214693e-11  0.0]
[0.03  2.54768412969891e-15  2.54768412969891e-15  2.54768412969891e-15  2.54768412969891e-15  2.54768412969891e-15  2.54768412969891e-15  2.54768412969891e-15  2.54768412969891e-15  2.54768412969891e-15  2.54768412969891e-15  2.54768412969891e-15  2.54768412969891e-15  2.54768412969891e-15  2.54768412969891e-15  2.54768412969891e-15  2.54768412969891e-15  0.0]
[0.04  2.53533977090868e-19  2.53533977090868e-19  2.53533977090868e-19  2.53533977090868e-19  2.53533977090868e-19  2.53533977090868e-19  2.53533977090868e-19  2.53533977090868e-19  2.53533977090868e-19  2.53533977090868e-19  2.53533977090868e-19  2.53533977090868e-19  2.53533977090868e-19  2.53533977090868e-19  2.53533977090868e-19  2.53533977090868e-19  0.0]
[0.05  2.52305522455444e-23  2.52305522455445e-23  2.52305522455445e-23  2.52305522455446e-23  2.52305522455447e-23  2.52305522455447e-23  2.52305522455448e-23  2.52305522455448e-23  2.52305522455449e-23   2.5230552245545e-23   2.5230552245545e-23  2.52305522455451e-23  2.52305522455451e-23  2.52305522455452e-23  2.52305522455453e-23  2.52305522455453e-23  0.0]
[0.06  2.51083020088695e-27  2.51083020094829e-27  2.51083020100947e-27   2.5108302010705e-27  2.51083020113138e-27  2.51083020119211e-27   2.5108302012527e-27  2.51083020131313e-27  2.51083020137341e-27  2.51083020143354e-27  2.51083020149352e-27  2.51083020155336e-27  2.51083020161304e-27  2.51083020167258e-27  2.51083020173198e-27  2.51083020179122e-27  0.0]
[0.07  2.49866502615917e-31  2.49866563950724e-31  2.49866625133865e-31  2.49866686165714e-31  2.49866747046645e-31  2.49866807777031e-31  2.49866868357246e-31  2.49866928787659e-31  2.49866989068642e-31  2.49867049200564e-31  2.49867109183793e-31  2.49867169018698e-31  2.49867228705645e-31  2.49867288244999e-31  2.49867347637127e-31  2.49867406882392e-31  0.0]
[0.08   2.4927060078394e-35  2.49883948858441e-35  2.50495780264357e-35  2.51106098752061e-35  2.51714908062651e-35  2.52322211927975e-35  2.52928014070652e-35  2.53532318204096e-35  2.54135128032539e-35  2.54736447251055e-35  2.55336279545577e-35  2.55934628592927e-35  2.56531498060833e-35  2.57126891607955e-35  2.57720812883905e-35  2.58313265529271e-35  0.0]
[0.09  6.39588976340275e-38  1.25293705084083e-37  1.86476845675664e-37  2.47508694446008e-37  3.08389625504949e-37  3.69120012037244e-37  4.29700226304852e-37  4.90130639649203e-37  5.50411622493514e-37  6.10543544344982e-37  6.70526773797154e-37  7.30361678532091e-37  7.90048625322661e-37  8.49587980034805e-37  9.08980107629758e-37  9.68225372166284e-37  0.0]
[ 0.1  6.14846338888457e-38  1.22819440731543e-37  1.84002580717268e-37  2.45034428883253e-37   3.0591535933933e-37  3.66645745270252e-37  4.27225958937974e-37  4.87656371683923e-37  5.47937353931311e-37  6.08069275187332e-37  6.68052504045529e-37   7.2788740818796e-37   7.8757435438749e-37  8.47113708510055e-37  9.06505835516886e-37  9.65751099466746e-37  0.0]
[0.11  6.14782696470914e-38  1.22806973335113e-37  1.83984025257857e-37  2.45009800415241e-37  3.05884672879869e-37  3.66609015799359e-37  4.27183201398626e-37  4.87607600982145e-37   5.4788258493627e-37  6.08008522731426e-37  6.67985782924479e-37  7.27814733160901e-37  7.87495740177061e-37  8.47029169802489e-37  9.06415386962101e-37  9.65654755678432e-37  0.0]
[0.12                   0.0                   0.0                   0.0                   0.0                   0.0                   0.0                   0.0                   0.0                   0.0                   0.0                   0.0                   0.0                   0.0                   0.0                   0.0                   0.0  0.0]