 Final Project, Porous Diffusion of metal into bone

 Distance
[ 0.0           0.002585079           0.002585079           0.002585079           0.002585079           0.002585079           0.002585079           0.002585079           0.002585079           0.002585079           0.002585079           0.002585079           0.002585079           0.002585079           0.002585079           0.002585079           0.002585079  0.0]
[0.01   8.96827370896737e-8   8.96827370896737e-8   8.96827370896737e-8   8.96827370896737e-8   8.96827370896737e-8   8.96827370896737e-8   8.96827370896737e-8   8.96827370896737e-8   8.96827370896737e-8   8.96827370896737e-8   8.96827370896737e-8   8.96827370896737e-8   8.96827370896737e-8   8.96827370896737e-8   8.96827370896737e-8   8.96827370896737e-8  0.0]
[0.02  3.11131432807103e-12  3.11131432807103e-12  3.11131432807103e-12  3.11131432807103e-12  3.11131432807103e-12  3.11131432807103e-12  3.11131432807103e-12  3.11131432807103e-12  3.11131432807103e-12  3.11131432807103e-12  3.11131432807103e-12  3.11131432807103e-12  3.11131432807103e-12  3.11131432807103e-12  3.11131432807103e-12  3.11131432807103e-12  0.0]
[0.03  1.07939132571086e-16  1.07939132571086e-16  1.07939132571086e-16  1.07939132571086e-16  1.07939132571086e-16  1.07939132571086e-16  1.07939132571086e-16  1.07939132571086e-16  1.07939132571086e-16  1.07939132571086e-16  1.07939132571086e-16  1.07939132571086e-16  1.07939132571086e-16  1.07939132571086e-16  1.07939132571086e-16  1.07939132571086e-16  0.0]
[0.04  3.74467350826033e-21  3.74467350826033e-21  3.74467350826033e-21  3.74467350826033e-21  3.74467350826033e-21  3.74467350826033e-21  3.74467350826033e-21  3.74467350826033e-21  3.74467350826033e-21  3.74467350826033e-21  3.74467350826033e-21  3.74467350826033e-21  3.74467350826033e-21  3.74467350826033e-21  3.74467350826033e-21  3.74467350826033e-21  0.0]
[0.05  1.29911917480269e-25  1.29911917480269e-25  1.29911917480269e-25  1.29911917480269e-25  1.29911917480269e-25  1.29911917480269e-25  1.29911917480269e-25  1.29911917480269e-25  1.29911917480269e-25  1.29911917480269e-25  1.29911917480269e-25  1.29911917480269e-25  1.29911917480269e-25  1.29911917480269e-25  1.29911917480269e-25  1.29911917480269e-25  0.0]
[0.06  4.50696336173966e-30   4.5069633617413e-30  4.50696336174293e-30  4.50696336174456e-30  4.50696336174619e-30  4.50696336174782e-30  4.50696336174945e-30  4.50696336175107e-30   4.5069633617527e-30  4.50696336175433e-30  4.50696336175596e-30  4.50696336175758e-30  4.50696336175921e-30  4.50696336176083e-30  4.50696336176246e-30  4.50696336176408e-30  0.0]
[0.07  1.56357625612996e-34  1.56357627244425e-34  1.56357628875363e-34   1.5635763050581e-34  1.56357632135767e-34  1.56357633765234e-34   1.5635763539421e-34  1.56357637022697e-34  1.56357638650693e-34    1.563576402782e-34  1.56357641905217e-34  1.56357643531744e-34  1.56357645157782e-34  1.56357646783331e-34  1.56357648408391e-34  1.56357650032962e-34  0.0]
[0.08  5.42606170126247e-39  5.42769313023137e-39  5.42932406839083e-39  5.43095451588849e-39  5.43258447287198e-39  5.43421393948887e-39  5.43584291588668e-39  5.43747140221288e-39  5.43909939861493e-39   5.4407269052402e-39  5.44235392223605e-39  5.44398044974977e-39  5.44560648792864e-39  5.44723203691986e-39  5.44885709687061e-39    5.450481667928e-39  0.0]
[0.09    1.820041432758e-42  3.45147040165827e-42  5.08240856111213e-42  6.71285605877777e-42  8.34281304226898e-42  9.97227965915522e-42  1.16012560569614e-41  1.32297423831682e-41   1.4857738785212e-41  1.64852454104845e-41  1.81122624063332e-41  1.97387899200616e-41  2.13648280989286e-41  2.29903770901484e-41  2.46154370408919e-41  2.62400080982846e-41  0.0]
[ 0.1   1.6318611706591e-42  3.26329013759591e-42  4.89422829508689e-42  6.52467579079025e-42  8.15463277231976e-42   9.7840993872449e-42  1.14130757830905e-41  1.30415621073375e-41  1.46695585074219e-41  1.62970651307356e-41  1.79240821246262e-41   1.9550609636397e-41  2.11766478133071e-41  2.28021968025705e-41  2.44272567513582e-41  2.60518278067956e-41  0.0]
[0.11  1.63179803137039e-42  3.26317040199444e-42  4.89405198019945e-42  6.52444291363852e-42  8.15434334992029e-42  9.78375343660912e-42  1.14126733212248e-41  1.30411031512429e-41  1.46690430740946e-41  1.62964932371666e-41  1.79234537878013e-41   1.9549924873297e-41  2.11759066409075e-41   2.2801399237842e-41  2.44264028112661e-41  2.60509175083003e-41  0.0]
[0.12                   0.0                   0.0                   0.0                   0.0                   0.0                   0.0                   0.0                   0.0                   0.0                   0.0                   0.0                   0.0                   0.0                   0.0                   0.0                   0.0  0.0]