 Final Project, Porous Diffusion of metal into bone

 Distance
[ 0.0           0.002585079           0.002585079           0.002585079           0.002585079           0.002585079           0.002585079           0.002585079           0.002585079           0.002585079           0.002585079           0.002585079           0.002585079           0.002585079           0.002585079           0.002585079           0.002585079  0.0]
[0.01   3.45348344654386e-6   3.45348344654386e-6   3.45348344654386e-6   3.45348344654386e-6   3.45348344654386e-6   3.45348344654386e-6   3.45348344654386e-6   3.45348344654386e-6   3.45348344654386e-6   3.45348344654386e-6   3.45348344654386e-6   3.45348344654386e-6   3.45348344654386e-6   3.45348344654386e-6   3.45348344654386e-6   3.45348344654386e-6  0.0]
[0.02   4.61361061520844e-9   4.61361061520844e-9   4.61361061520844e-9   4.61361061520844e-9   4.61361061520844e-9   4.61361061520844e-9   4.61361061520844e-9   4.61361061520844e-9   4.61361061520844e-9   4.61361061520844e-9   4.61361061520844e-9   4.61361061520844e-9   4.61361061520844e-9   4.61361061520844e-9   4.61361061520844e-9   4.61361061520844e-9  0.0]
[0.03  6.16345879117094e-12  6.16345879117095e-12  6.16345879117095e-12  6.16345879117095e-12  6.16345879117095e-12  6.16345879117096e-12  6.16345879117096e-12  6.16345879117096e-12  6.16345879117096e-12  6.16345879117096e-12  6.16345879117096e-12  6.16345879117096e-12  6.16345879117096e-12  6.16345879117096e-12  6.16345879117096e-12  6.16345879117096e-12  0.0]
[0.04    8.233946780268e-15  8.23394678027404e-15   8.2339467802779e-15  8.23394678028038e-15  8.23394678028196e-15  8.23394678028298e-15  8.23394678028363e-15  8.23394678028404e-15  8.23394678028431e-15  8.23394678028448e-15  8.23394678028459e-15  8.23394678028466e-15   8.2339467802847e-15  8.23394678028473e-15  8.23394678028475e-15  8.23394678028476e-15  0.0]
[0.05  1.09999728943478e-17    1.099997290039e-17  1.09999729042575e-17  1.09999729067329e-17  1.09999729083173e-17  1.09999729093315e-17  1.09999729099806e-17  1.09999729103961e-17   1.0999972910662e-17  1.09999729108323e-17  1.09999729109412e-17   1.0999972911011e-17  1.09999729110556e-17  1.09999729110842e-17  1.09999729111024e-17  1.09999729111142e-17  0.0]
[0.06  1.46951983565039e-20  1.46952043987157e-20  1.46952082661496e-20   1.4695210741575e-20  1.46952123260186e-20  1.46952133401723e-20  1.46952139893008e-20   1.4695214404788e-20  1.46952146707286e-20   1.4695214840949e-20  1.46952149499018e-20  1.46952150196392e-20  1.46952150642759e-20  1.46952150928465e-20  1.46952151111337e-20  1.46952151228387e-20  0.0]
[0.07  1.96411767064854e-23  1.96472189183019e-23   1.9651086352182e-23  1.96535617776175e-23  1.96551462212761e-23  1.96561603749127e-23  1.96568095034525e-23  1.96572249906588e-23  1.96574909312361e-23  1.96576611516173e-23   1.9657770104446e-23  1.96578398417995e-23  1.96578844785338e-23  1.96579130491341e-23  1.96579313362963e-23  1.96579430413461e-23  0.0]
[0.08  3.56660860215291e-26  4.17082978379972e-26  4.55757317181036e-26  4.80511571535757e-26  4.96356008122253e-26  5.06497544487927e-26  5.12988829886109e-26   5.1714370194901e-26  5.19803107721533e-26  5.21505311533321e-26  5.22594839820722e-26  5.23292213355452e-26  5.23738580698601e-26  5.24024286701358e-26  5.24207158323272e-26  5.24324208821962e-26  0.0]
[0.09   9.4745048563449e-27  1.55167166584261e-26  1.93841505293239e-26  2.18595759589018e-26  2.34440196137787e-26  2.44581732479313e-26  2.51073017862039e-26  2.55227889915047e-26  2.57887295681238e-26  2.59589499488973e-26   2.6067902777378e-26  2.61376401306849e-26  2.61822768648936e-26  2.62108474651012e-26   2.6229134627249e-26  2.62408396770902e-26  0.0]
[ 0.1   9.4394979248392e-27  1.54816989577057e-26  1.93491259355605e-26  2.18245469531138e-26  2.34089877839894e-26  2.44231396105857e-26  2.50722669918971e-26  2.54877534566626e-26  2.57536935592878e-26  2.59239136366724e-26  2.60328662709633e-26  2.61026034999752e-26  2.61472401546265e-26  2.61758107039119e-26   2.6194097833466e-26  2.62058028624449e-26  0.0]
[0.11  9.42685760275556e-27  1.54609974355123e-26  1.93232646871996e-26  2.17953831227848e-26  2.33777100725547e-26  2.43905088688941e-26  2.50387702171674e-26  2.54537023608308e-26  2.57192876595737e-26  2.58892806379096e-26  2.59980879130866e-26  2.60677321022022e-26  2.61123092048784e-26  2.61408416367768e-26  2.61591043685642e-26  2.61707937812834e-26  0.0]
[0.12                   0.0                   0.0                   0.0                   0.0                   0.0                   0.0                   0.0                   0.0                   0.0                   0.0                   0.0                   0.0                   0.0                   0.0                   0.0                   0.0  0.0]