 Final Project, Porous Diffusion of metal into bone

 Distance
[ 0.0           0.002585079           0.002585079           0.002585079           0.002585079           0.002585079           0.002585079           0.002585079           0.002585079           0.002585079           0.002585079           0.002585079           0.002585079           0.002585079           0.002585079           0.002585079           0.002585079  0.0]
[0.01   8.65624323301276e-8   8.65624323301276e-8   8.65624323301276e-8   8.65624323301276e-8   8.65624323301276e-8   8.65624323301276e-8   8.65624323301276e-8   8.65624323301276e-8   8.65624323301276e-8   8.65624323301276e-8   8.65624323301276e-8   8.65624323301276e-8   8.65624323301276e-8   8.65624323301276e-8   8.65624323301276e-8   8.65624323301276e-8  0.0]
[0.02  2.89857860858717e-12  2.89857860858717e-12  2.89857860858717e-12  2.89857860858717e-12  2.89857860858717e-12  2.89857860858717e-12  2.89857860858717e-12  2.89857860858717e-12  2.89857860858717e-12  2.89857860858717e-12  2.89857860858717e-12  2.89857860858717e-12  2.89857860858717e-12  2.89857860858717e-12  2.89857860858717e-12  2.89857860858717e-12  0.0]
[0.03  9.70600955171514e-17  9.70600955171514e-17  9.70600955171514e-17  9.70600955171514e-17  9.70600955171514e-17  9.70600955171514e-17  9.70600955171514e-17  9.70600955171514e-17  9.70600955171514e-17  9.70600955171514e-17  9.70600955171514e-17  9.70600955171514e-17  9.70600955171514e-17  9.70600955171514e-17  9.70600955171514e-17  9.70600955171514e-17  0.0]
[0.04  3.25009717310733e-21  3.25009717310733e-21  3.25009717310733e-21  3.25009717310733e-21  3.25009717310733e-21  3.25009717310733e-21  3.25009717310733e-21  3.25009717310733e-21  3.25009717310733e-21  3.25009717310733e-21  3.25009717310733e-21  3.25009717310733e-21  3.25009717310733e-21  3.25009717310733e-21  3.25009717310733e-21  3.25009717310733e-21  0.0]
[0.05   1.0883083906273e-25   1.0883083906273e-25   1.0883083906273e-25   1.0883083906273e-25   1.0883083906273e-25   1.0883083906273e-25   1.0883083906273e-25   1.0883083906273e-25   1.0883083906273e-25   1.0883083906273e-25   1.0883083906273e-25   1.0883083906273e-25   1.0883083906273e-25   1.0883083906273e-25   1.0883083906273e-25   1.0883083906273e-25  0.0]
[0.06  3.64424535644811e-30  3.64424535644925e-30  3.64424535645039e-30  3.64424535645154e-30  3.64424535645268e-30  3.64424535645383e-30  3.64424535645497e-30  3.64424535645611e-30  3.64424535645726e-30   3.6442453564584e-30  3.64424535645954e-30  3.64424535646068e-30  3.64424535646182e-30  3.64424535646297e-30  3.64424535646411e-30  3.64424535646525e-30  0.0]
[0.07   1.2202905405302e-34  1.22029055197972e-34  1.22029056342604e-34  1.22029057486915e-34  1.22029058630905e-34  1.22029059774575e-34  1.22029060917924e-34  1.22029062060953e-34  1.22029063203661e-34  1.22029064346049e-34  1.22029065488117e-34  1.22029066629864e-34  1.22029067771292e-34    1.220290689124e-34  1.22029070053188e-34  1.22029071193656e-34  0.0]
[0.08  4.08733819707381e-39  4.08848314976056e-39  4.08962778154123e-39  4.09077209250577e-39  4.09191608274409e-39  4.09305975234608e-39  4.09420310140162e-39  4.09534613000054e-39  4.09648883823266e-39  4.09763122618778e-39  4.09877329395565e-39  4.09991504162603e-39  4.10105646928863e-39  4.10219757703314e-39  4.10333836494923e-39  4.10447883312653e-39  0.0]
[0.09  1.28205571878495e-42  2.42700840553777e-42  3.57164018621117e-42  4.71595115074838e-42  5.85994138906739e-42  7.00361099106093e-42  8.14696004659665e-42  9.28998864551693e-42   1.0432696877639e-41  1.15750848327549e-41  1.27171526006316e-41  1.38589002710108e-41  1.50003279336089e-41  1.61414356781176e-41  1.72822235942031e-41  1.84226917715065e-41  0.0]
[ 0.1  1.14523244895353e-42  2.29018513442259e-42  3.43481691381258e-42  4.57912787706676e-42  5.72311811410308e-42   6.8667877148143e-42  8.01013676906805e-42  9.15316536670673e-42  1.02958735975475e-41  1.14382615513826e-41  1.25803293179787e-41  1.37220769870777e-41  1.48635046483961e-41  1.60046123916253e-41  1.71454003064317e-41  1.82858684824564e-41  0.0]
[0.11  1.14518952038197e-42  2.29010386792371e-42  3.43469732013168e-42  4.57896996694614e-42  5.72292189828204e-42   6.8665532040291e-42  8.00986397405198e-42  9.15285429819004e-42  1.02955242662575e-41  1.14378739680434e-41  1.25799034933117e-41  1.37216129318011e-41   1.4863002373225e-41  1.60040719072721e-41  1.71448216236055e-41  1.82852516118635e-41  0.0]
[0.12                   0.0                   0.0                   0.0                   0.0                   0.0                   0.0                   0.0                   0.0                   0.0                   0.0                   0.0                   0.0                   0.0                   0.0                   0.0                   0.0  0.0]