 Final Project, Porous Diffusion of metal into bone

 Distance
[ 0.0           0.002585079           0.002585079           0.002585079           0.002585079           0.002585079           0.002585079           0.002585079           0.002585079           0.002585079           0.002585079           0.002585079           0.002585079           0.002585079           0.002585079           0.002585079           0.002585079  0.0]
[0.01   3.90445917884714e-7   3.90445917884714e-7   3.90445917884714e-7   3.90445917884714e-7   3.90445917884714e-7   3.90445917884714e-7   3.90445917884714e-7   3.90445917884714e-7   3.90445917884714e-7   3.90445917884714e-7   3.90445917884714e-7   3.90445917884714e-7   3.90445917884714e-7   3.90445917884714e-7   3.90445917884714e-7   3.90445917884714e-7  0.0]
[0.02  5.89722847127057e-11  5.89722847127057e-11  5.89722847127057e-11  5.89722847127057e-11  5.89722847127057e-11  5.89722847127057e-11  5.89722847127057e-11  5.89722847127057e-11  5.89722847127057e-11  5.89722847127057e-11  5.89722847127057e-11  5.89722847127057e-11  5.89722847127057e-11  5.89722847127057e-11  5.89722847127057e-11  5.89722847127057e-11  0.0]
[0.03  8.90707318206177e-15  8.90707318206177e-15  8.90707318206177e-15  8.90707318206177e-15  8.90707318206177e-15  8.90707318206177e-15  8.90707318206177e-15  8.90707318206177e-15  8.90707318206177e-15  8.90707318206177e-15  8.90707318206177e-15  8.90707318206177e-15  8.90707318206177e-15  8.90707318206177e-15  8.90707318206177e-15  8.90707318206177e-15  0.0]
[0.04  1.34530912371979e-18  1.34530912371979e-18  1.34530912371979e-18  1.34530912371979e-18  1.34530912371979e-18  1.34530912371979e-18  1.34530912371979e-18  1.34530912371979e-18  1.34530912371979e-18  1.34530912371979e-18  1.34530912371979e-18  1.34530912371979e-18  1.34530912371979e-18  1.34530912371979e-18  1.34530912371979e-18  1.34530912371979e-18  0.0]
[0.05  2.03193192799703e-22  2.03193192799707e-22  2.03193192799711e-22  2.03193192799715e-22  2.03193192799719e-22  2.03193192799722e-22  2.03193192799726e-22   2.0319319279973e-22  2.03193192799734e-22  2.03193192799738e-22  2.03193192799741e-22  2.03193192799745e-22  2.03193192799749e-22  2.03193192799753e-22  2.03193192799756e-22   2.0319319279976e-22  0.0]
[0.06  3.06899528721931e-26   3.0689952876152e-26  3.06899528800883e-26  3.06899528840023e-26   3.0689952887894e-26  3.06899528917636e-26  3.06899528956111e-26  3.06899528994368e-26  3.06899529032407e-26   3.0689952907023e-26  3.06899529107838e-26  3.06899529145232e-26  3.06899529182413e-26  3.06899529219383e-26  3.06899529256143e-26  3.06899529292693e-26  0.0]
[0.07  4.63536205645881e-30    4.635366015317e-30  4.63536995166153e-30  4.63537386562042e-30  4.63537775732098e-30  4.63538162688979e-30  4.63538547445271e-30  4.63538930013489e-30  4.63539310406076e-30  4.63539688635405e-30  4.63540064713778e-30  4.63540438653426e-30  4.63540810466514e-30  4.63541180165135e-30  4.63541547761312e-30  4.63541913267003e-30  0.0]
[0.08   7.0409790930305e-34  7.08056767499357e-34  7.11993112026477e-34  7.15907070917615e-34  7.19798771477861e-34  7.23668340288333e-34  7.27515903210296e-34   7.3134158538925e-34  7.35145511259004e-34  7.38927804545728e-34  7.42688588271966e-34  7.46427984760649e-34  7.50146115639065e-34  7.53843101842819e-34  7.57519063619768e-34  7.61174120533929e-34  0.0]
[0.09  4.08708537558415e-36  8.04594357187733e-36  1.19822880989837e-35  1.58962469901083e-35  1.97879475503407e-35  2.36575163608001e-35  2.75050792827498e-35  3.13307614616905e-35  3.51346873314316e-35  3.89169806181416e-35  4.26777643443666e-35   4.6417160833037e-35    5.013529171144e-35  5.38322779151818e-35  5.75082396921184e-35  6.11632966062668e-35  0.0]
[ 0.1  3.98135684526495e-36  7.94021495126005e-36  1.18765593885818e-35  1.57905181904325e-35  1.96822186618986e-35  2.35517873840965e-35  2.73993502182867e-35   3.1225032309967e-35  3.50289580929439e-35  3.88112512933831e-35  4.25720349338279e-35  4.63114313372059e-35  5.00295621308017e-35  5.37265482502185e-35  5.74025099433096e-35  6.10575667740894e-35  0.0]
[0.11  3.98073963450295e-36   7.9389998916143e-36   1.1874749879965e-35  1.57881176134222e-35  1.96792303778474e-35  2.35482147352413e-35  2.73951965278573e-35  3.12203008822945e-35  3.50236522135678e-35  3.88053742291584e-35  4.25655899330314e-35  4.63044216296414e-35  5.00219909279057e-35  5.37184187451642e-35  5.73938253111111e-35  6.10483301717046e-35  0.0]
[0.12                   0.0                   0.0                   0.0                   0.0                   0.0                   0.0                   0.0                   0.0                   0.0                   0.0                   0.0                   0.0                   0.0                   0.0                   0.0                   0.0  0.0]