 Final Project, Porous Diffusion of metal into bone

 Distance
[ 0.0           0.002585079           0.002585079           0.002585079           0.002585079           0.002585079           0.002585079           0.002585079           0.002585079           0.002585079           0.002585079           0.002585079           0.002585079           0.002585079           0.002585079           0.002585079           0.002585079  0.0]
[0.01    4.2608841375374e-7    4.2608841375374e-7    4.2608841375374e-7    4.2608841375374e-7    4.2608841375374e-7    4.2608841375374e-7    4.2608841375374e-7    4.2608841375374e-7    4.2608841375374e-7    4.2608841375374e-7    4.2608841375374e-7    4.2608841375374e-7    4.2608841375374e-7    4.2608841375374e-7    4.2608841375374e-7    4.2608841375374e-7  0.0]
[0.02  7.02304789660891e-11  7.02304789660891e-11  7.02304789660891e-11  7.02304789660891e-11  7.02304789660891e-11  7.02304789660891e-11  7.02304789660891e-11  7.02304789660891e-11  7.02304789660891e-11  7.02304789660891e-11  7.02304789660891e-11  7.02304789660891e-11  7.02304789660891e-11  7.02304789660891e-11  7.02304789660891e-11  7.02304789660891e-11  0.0]
[0.03  1.15758138841507e-14  1.15758138841507e-14  1.15758138841507e-14  1.15758138841507e-14  1.15758138841507e-14  1.15758138841507e-14  1.15758138841507e-14  1.15758138841507e-14  1.15758138841507e-14  1.15758138841507e-14  1.15758138841507e-14  1.15758138841507e-14  1.15758138841507e-14  1.15758138841507e-14  1.15758138841507e-14  1.15758138841507e-14  0.0]
[0.04  1.90799591649086e-18  1.90799591649086e-18  1.90799591649086e-18  1.90799591649086e-18  1.90799591649086e-18  1.90799591649086e-18  1.90799591649086e-18  1.90799591649086e-18  1.90799591649086e-18  1.90799591649086e-18  1.90799591649086e-18  1.90799591649086e-18  1.90799591649086e-18  1.90799591649086e-18  1.90799591649086e-18  1.90799591649086e-18  0.0]
[0.05  3.14487469630998e-22  3.14487469631007e-22  3.14487469631017e-22  3.14487469631026e-22  3.14487469631035e-22  3.14487469631045e-22  3.14487469631054e-22  3.14487469631063e-22  3.14487469631072e-22  3.14487469631081e-22   3.1448746963109e-22  3.14487469631099e-22  3.14487469631107e-22  3.14487469631116e-22  3.14487469631125e-22  3.14487469631133e-22  0.0]
[0.06  5.18357338809128e-26  5.18357338903806e-26  5.18357338997844e-26  5.18357339091244e-26  5.18357339184013e-26  5.18357339276153e-26   5.1835733936767e-26  5.18357339458567e-26  5.18357339548849e-26  5.18357339638521e-26  5.18357339727584e-26  5.18357339816046e-26  5.18357339903908e-26  5.18357339991176e-26  5.18357340077852e-26  5.18357340163943e-26  0.0]
[0.07  8.54388986249639e-30  8.54389933030197e-30  8.54390873402094e-30  8.54391807408713e-30  8.54392735093138e-30  8.54393656498164e-30  8.54394571666295e-30  8.54395480639747e-30  8.54396383460453e-30   8.5439728017006e-30  8.54398170809932e-30  8.54399055421157e-30  8.54399934044539e-30  8.54400806720612e-30   8.5440167348963e-30   8.5440253439158e-30  0.0]
[0.08  1.41778616898925e-33  1.42725397456052e-33  1.43665769354086e-33  1.44599775972573e-33  1.45527460397429e-33  1.46448865422925e-33   1.4736403355366e-33  1.48273007006528e-33  1.49175827712658e-33  1.50072537319353e-33   1.5096317719201e-33  1.51847788416025e-33  1.52726411798695e-33  1.53599087871096e-33  1.54465856889951e-33  1.55326758839491e-33  0.0]
[0.09  9.76406346053146e-36  1.92318690317599e-35  2.86355880120568e-35  3.79756541968885e-35  4.72524984454053e-35  5.64665487003184e-35  6.56182300076343e-35  7.47079645362745e-35  8.37361715975342e-35  9.27032676644439e-35  1.01609666390966e-34  1.10455778631078e-34  1.19242012457745e-34  1.27968773181713e-34  1.36636463370222e-34  1.45245482865587e-34  0.0]
[ 0.1  9.53198445064727e-36  1.89997897647002e-35  2.84035084895624e-35  3.77435744206884e-35  4.70204184172169e-35  5.62344684218473e-35  6.53861494805746e-35  7.44758837623089e-35   8.3504090578334e-35   9.2471186401669e-35  1.01377584886265e-34  1.10223696886089e-34  1.19009930474094e-34  1.27736690961015e-34  1.36404380914083e-34  1.45013400175599e-34  0.0]
[0.11  9.53037534995976e-36  1.89966203799987e-35  2.83987893822471e-35  3.77373160806705e-35  4.70126312634023e-35  5.62251628026175e-35  6.53753356742642e-35  7.44635719776793e-35  8.34902909550445e-35  9.24559090107448e-35  1.01360839730562e-34  1.10205493900754e-34  1.18990279527023e-34  1.27715601853312e-34  1.36381863380507e-34  1.44989463885016e-34  0.0]
[0.12                   0.0                   0.0                   0.0                   0.0                   0.0                   0.0                   0.0                   0.0                   0.0                   0.0                   0.0                   0.0                   0.0                   0.0                   0.0                   0.0  0.0]