 Final Project, Porous Diffusion of metal into bone

 Distance
[ 0.0           0.002585079           0.002585079           0.002585079           0.002585079           0.002585079           0.002585079           0.002585079           0.002585079           0.002585079           0.002585079           0.002585079           0.002585079           0.002585079           0.002585079           0.002585079           0.002585079  0.0]
[0.01   5.20542151881699e-7   5.20542151881699e-7   5.20542151881699e-7   5.20542151881699e-7   5.20542151881699e-7   5.20542151881699e-7   5.20542151881699e-7   5.20542151881699e-7   5.20542151881699e-7   5.20542151881699e-7   5.20542151881699e-7   5.20542151881699e-7   5.20542151881699e-7   5.20542151881699e-7   5.20542151881699e-7   5.20542151881699e-7  0.0]
[0.02  1.04818511111509e-10  1.04818511111509e-10  1.04818511111509e-10  1.04818511111509e-10  1.04818511111509e-10  1.04818511111509e-10  1.04818511111509e-10  1.04818511111509e-10  1.04818511111509e-10  1.04818511111509e-10  1.04818511111509e-10  1.04818511111509e-10  1.04818511111509e-10  1.04818511111509e-10  1.04818511111509e-10  1.04818511111509e-10  0.0]
[0.03  2.11066870029972e-14  2.11066870029972e-14  2.11066870029972e-14  2.11066870029972e-14  2.11066870029972e-14  2.11066870029972e-14  2.11066870029972e-14  2.11066870029972e-14  2.11066870029972e-14  2.11066870029972e-14  2.11066870029972e-14  2.11066870029972e-14  2.11066870029972e-14  2.11066870029972e-14  2.11066870029972e-14  2.11066870029972e-14  0.0]
[0.04  4.25012940480103e-18  4.25012940480103e-18  4.25012940480103e-18  4.25012940480103e-18  4.25012940480103e-18  4.25012940480103e-18  4.25012940480103e-18  4.25012940480103e-18  4.25012940480103e-18  4.25012940480103e-18  4.25012940480103e-18  4.25012940480103e-18  4.25012940480103e-18  4.25012940480103e-18  4.25012940480103e-18  4.25012940480103e-18  0.0]
[0.05  8.55823557481607e-22  8.55823557481677e-22  8.55823557481746e-22  8.55823557481814e-22  8.55823557481882e-22  8.55823557481949e-22  8.55823557482015e-22  8.55823557482081e-22  8.55823557482146e-22   8.5582355748221e-22  8.55823557482274e-22  8.55823557482337e-22  8.55823557482399e-22  8.55823557482461e-22  8.55823557482522e-22  8.55823557482583e-22  0.0]
[0.06  1.72332155583898e-25  1.72332155653662e-25  1.72332155722723e-25  1.72332155791087e-25  1.72332155858761e-25  1.72332155925753e-25   1.7233215599207e-25  1.72332156057717e-25  1.72332156122703e-25  1.72332156187033e-25  1.72332156250714e-25  1.72332156313753e-25  1.72332156376157e-25   1.7233215643793e-25  1.72332156499081e-25  1.72332156559615e-25  0.0]
[0.07  3.47015829093367e-29  3.47016526736231e-29  3.47017217342898e-29  3.47017900984332e-29  3.47018577730782e-29  3.47019247651788e-29   3.4701991081619e-29  3.47020567292133e-29  3.47021217147074e-29  3.47021860447791e-29  3.47022497260387e-29    3.470231276503e-29  3.47023751682306e-29  3.47024369420529e-29  3.47024980928446e-29  3.47025586268895e-29  0.0]
[0.08  7.05811167574764e-33  7.12787596220951e-33  7.19693662889007e-33  7.26530077226835e-33  7.33297541725065e-33  7.39996751789233e-33   7.4662839581124e-33  7.53193155240098e-33  7.59691704651938e-33  7.66124711819347e-33   7.7249283777997e-33  7.78796736904441e-33  7.85037056963627e-33  7.91214439195197e-33  7.97329518369495e-33  8.03382922854787e-33  0.0]
[0.09   7.1879302698742e-35  1.41643589160043e-34  2.10704255840038e-34  2.79068399217765e-34  3.46743044199512e-34  4.13735144840637e-34  4.80051585060172e-34  5.45699179348209e-34  6.10684673466089e-34  6.75014745139642e-34  7.38696004745352e-34  8.01734995989551e-34  8.64138196580906e-34  9.25912018896098e-34  9.87062810638581e-34  1.04759685549101e-33  0.0]
[ 0.1  7.04725233243935e-35  1.40236806957496e-34  2.09297470837817e-34  2.77661611444106e-34  3.45336253682367e-34  4.12328351607676e-34  4.78644789138786e-34  5.44292380765512e-34  6.09277872248923e-34  6.73607941314577e-34   7.3728919833869e-34   8.0032818702733e-34    8.627313850889e-34  9.24505204899821e-34  9.85655994163291e-34   1.0461900365617e-33  0.0]
[0.11  7.04580523829869e-35  1.40208290820301e-34  2.09255051160087e-34  2.77605428452404e-34  3.45266446188977e-34  4.12245057024868e-34  4.78548143492932e-34   5.4418251871107e-34  6.09154927082267e-34  6.73472044987699e-34  7.37140481472758e-34  8.00166778926109e-34  8.62557413752038e-34  9.24318797036006e-34  9.85457275203266e-34  1.04597913067116e-33  0.0]
[0.12                   0.0                   0.0                   0.0                   0.0                   0.0                   0.0                   0.0                   0.0                   0.0                   0.0                   0.0                   0.0                   0.0                   0.0                   0.0                   0.0  0.0]