 Final Project, Porous Diffusion of metal into bone

 Distance
[ 0.0           0.002585079           0.002585079           0.002585079           0.002585079           0.002585079           0.002585079           0.002585079           0.002585079           0.002585079           0.002585079           0.002585079           0.002585079           0.002585079           0.002585079           0.002585079           0.002585079  0.0]
[0.01    9.3140348211662e-7    9.3140348211662e-7    9.3140348211662e-7    9.3140348211662e-7    9.3140348211662e-7    9.3140348211662e-7    9.3140348211662e-7    9.3140348211662e-7    9.3140348211662e-7    9.3140348211662e-7    9.3140348211662e-7    9.3140348211662e-7    9.3140348211662e-7    9.3140348211662e-7    9.3140348211662e-7    9.3140348211662e-7  0.0]
[0.02  3.35584501092216e-10  3.35584501092216e-10  3.35584501092216e-10  3.35584501092216e-10  3.35584501092216e-10  3.35584501092216e-10  3.35584501092216e-10  3.35584501092216e-10  3.35584501092216e-10  3.35584501092216e-10  3.35584501092216e-10  3.35584501092216e-10  3.35584501092216e-10  3.35584501092216e-10  3.35584501092216e-10  3.35584501092216e-10  0.0]
[0.03  1.20911033226319e-13  1.20911033226319e-13  1.20911033226319e-13  1.20911033226319e-13  1.20911033226319e-13  1.20911033226319e-13  1.20911033226319e-13  1.20911033226319e-13  1.20911033226319e-13  1.20911033226319e-13  1.20911033226319e-13  1.20911033226319e-13  1.20911033226319e-13  1.20911033226319e-13  1.20911033226319e-13  1.20911033226319e-13  0.0]
[0.04  4.35642227465047e-17  4.35642227465047e-17  4.35642227465047e-17  4.35642227465048e-17  4.35642227465048e-17  4.35642227465048e-17  4.35642227465048e-17  4.35642227465048e-17  4.35642227465049e-17  4.35642227465049e-17  4.35642227465049e-17  4.35642227465049e-17  4.35642227465049e-17  4.35642227465049e-17   4.3564222746505e-17   4.3564222746505e-17  0.0]
[0.05  1.56961813398581e-20  1.56961813398808e-20  1.56961813399028e-20  1.56961813399241e-20  1.56961813399447e-20  1.56961813399646e-20  1.56961813399839e-20  1.56961813400026e-20  1.56961813400206e-20  1.56961813400381e-20  1.56961813400551e-20  1.56961813400715e-20  1.56961813400874e-20  1.56961813401028e-20  1.56961813401176e-20   1.5696181340132e-20  0.0]
[0.06  5.65533123608886e-24  5.65533125878396e-24  5.65533128075434e-24  5.65533130202313e-24  5.65533132261275e-24  5.65533134254488e-24  5.65533136184052e-24  5.65533138051999e-24  5.65533139860296e-24   5.6553314161085e-24  5.65533143305502e-24   5.6553314494604e-24   5.6553314653419e-24  5.65533148071626e-24  5.65533149559966e-24   5.6553315100078e-24  0.0]
[0.07   2.0376382251405e-27  2.03766092023933e-27  2.03768289061512e-27  2.03770415941046e-27  2.03772474902895e-27  2.03774468115875e-27  2.03776397679546e-27  2.03778265626423e-27  2.03780073924115e-27  2.03781824477401e-27  2.03783519130235e-27  2.03785159667687e-27  2.03786747817824e-27  2.03788285253532e-27  2.03789773594276e-27  2.03791214407805e-27  0.0]
[0.08  7.57595001976372e-31  7.80290100801493e-31  8.02260476591132e-31  8.23529271940176e-31  8.44118890430586e-31  8.64051020230296e-31  8.83346656938547e-31  9.02026125701697e-31  9.20109102622824e-31  9.37614635487595e-31  9.54561163828366e-31   9.7096653834757e-31  9.86848039720818e-31  1.00222239679951e-30  1.01710580423234e-30  1.03151393952401e-30  0.0]
[0.09  2.37072903939606e-32  4.64023892180207e-32  6.83727650066314e-32  8.96415603546814e-32  1.10231178844129e-31  1.30163308642907e-31  1.49458945350256e-31  1.68138414112532e-31  1.86221391032813e-31  2.03726923896767e-31  2.20673452236745e-31  2.37078826755182e-31  2.52960328127687e-31  2.68334685205657e-31  2.83218092637799e-31  2.97626227928788e-31  0.0]
[ 0.1  2.34428677460705e-32  4.61379636250053e-32  6.81083365625376e-32  8.93771291505527e-32  1.09966744968102e-31  1.29898872180302e-31  1.49194506383672e-31  1.67873972721928e-31  1.85956947295596e-31   2.0346247788787e-31   2.2040900402871e-31  2.36814376418235e-31   2.5269587572981e-31  2.68070230812661e-31  2.82953636313396e-31  2.97361769734652e-31  0.0]
[0.11  2.34343291245361e-32  4.61212509087182e-32  6.80837107750256e-32  8.93448429800742e-32  1.09927043033816e-31  1.29851991289941e-31  1.49140675782979e-31  1.67813414336141e-31  1.85889875963207e-31  2.03389101586931e-31  2.20329524095905e-31   2.3672898776096e-31   2.5260476703148e-31  2.67973584731458e-31  2.82851629674676e-31  2.97254573717204e-31  0.0]
[0.12                   0.0                   0.0                   0.0                   0.0                   0.0                   0.0                   0.0                   0.0                   0.0                   0.0                   0.0                   0.0                   0.0                   0.0                   0.0                   0.0  0.0]