 Final Project, Porous Diffusion of metal into bone

 Distance
[ 0.0           0.002585079           0.002585079           0.002585079           0.002585079           0.002585079           0.002585079           0.002585079           0.002585079           0.002585079           0.002585079           0.002585079           0.002585079           0.002585079           0.002585079           0.002585079           0.002585079  0.0]
[0.01   1.00682600279027e-5   1.00682600279027e-5   1.00682600279027e-5   1.00682600279027e-5   1.00682600279027e-5   1.00682600279027e-5   1.00682600279027e-5   1.00682600279027e-5   1.00682600279027e-5   1.00682600279027e-5   1.00682600279027e-5   1.00682600279027e-5   1.00682600279027e-5   1.00682600279027e-5   1.00682600279027e-5   1.00682600279027e-5  0.0]
[0.02   3.92134476313739e-8   3.92134476313739e-8   3.92134476313739e-8   3.92134476313739e-8   3.92134476313739e-8   3.92134476313739e-8   3.92134476313739e-8   3.92134476313739e-8   3.92134476313739e-8   3.92134476313739e-8   3.92134476313739e-8   3.92134476313739e-8   3.92134476313739e-8   3.92134476313739e-8   3.92134476313739e-8   3.92134476313739e-8  0.0]
[0.03  1.52726933042883e-10  1.52726933042886e-10  1.52726933042887e-10  1.52726933042887e-10  1.52726933042887e-10  1.52726933042887e-10  1.52726933042887e-10  1.52726933042887e-10  1.52726933042887e-10  1.52726933042887e-10  1.52726933042887e-10  1.52726933042887e-10  1.52726933042887e-10  1.52726933042887e-10  1.52726933042887e-10  1.52726933042887e-10  0.0]
[0.04  5.94834616460211e-13  5.94834616463227e-13  5.94834616463295e-13  5.94834616463297e-13  5.94834616463297e-13  5.94834616463297e-13  5.94834616463297e-13  5.94834616463297e-13  5.94834616463297e-13  5.94834616463297e-13  5.94834616463297e-13  5.94834616463297e-13  5.94834616463297e-13  5.94834616463297e-13  5.94834616463297e-13  5.94834616463297e-13  0.0]
[0.05  2.31673768446677e-15   2.3167376874829e-15  2.31673768755089e-15  2.31673768755242e-15  2.31673768755246e-15  2.31673768755246e-15  2.31673768755246e-15  2.31673768755246e-15  2.31673768755246e-15  2.31673768755246e-15  2.31673768755246e-15  2.31673768755246e-15  2.31673768755246e-15  2.31673768755246e-15  2.31673768755246e-15  2.31673768755246e-15  0.0]
[0.06  9.02326850672957e-18  9.02327152286761e-18  9.02327159085365e-18   9.0232715923861e-18  9.02327159242065e-18  9.02327159242143e-18  9.02327159242144e-18  9.02327159242144e-18  9.02327159242144e-18  9.02327159242144e-18  9.02327159242144e-18  9.02327159242144e-18  9.02327159242144e-18  9.02327159242144e-18  9.02327159242144e-18  9.02327159242144e-18  0.0]
[0.07  3.52767238767677e-20  3.52797400148042e-20  3.52798080008451e-20   3.5279809533302e-20  3.52798095678448e-20  3.52798095686234e-20  3.52798095686406e-20  3.52798095686406e-20  3.52798095686406e-20  3.52798095686406e-20  3.52798095686406e-20  3.52798095686406e-20  3.52798095686406e-20  3.52798095686406e-20  3.52798095686406e-20  3.52798095686406e-20  0.0]
[0.08  2.70660851810089e-22  2.73676989845862e-22  2.73744975886739e-22  2.73746508343708e-22  2.73746542886445e-22  2.73746543665072e-22  2.73746543682259e-22  2.73746543682259e-22  2.73746543682259e-22  2.73746543682259e-22  2.73746543682259e-22  2.73746543682259e-22  2.73746543682259e-22  2.73746543682259e-22  2.73746543682259e-22  2.73746543682259e-22  0.0]
[0.09  1.34320660488478e-22  1.37336798346743e-22  1.37404784383618e-22  1.37406316840497e-22  1.37406351383232e-22  1.37406352161859e-22  1.37406352179046e-22  1.37406352179046e-22  1.37406352179046e-22  1.37406352179046e-22  1.37406352179046e-22  1.37406352179046e-22  1.37406352179046e-22  1.37406352179046e-22  1.37406352179046e-22  1.37406352179046e-22  0.0]
[ 0.1  1.33787626776594e-22  1.36803719059437e-22  1.36871704069008e-22  1.36873236502731e-22  1.36873271044944e-22  1.36873271823559e-22  1.36873271840746e-22  1.36873271840746e-22  1.36873271840746e-22  1.36873271840746e-22  1.36873271840746e-22  1.36873271840746e-22  1.36873271840746e-22  1.36873271840746e-22  1.36873271840746e-22  1.36873271840746e-22  0.0]
[0.11  1.33266517837049e-22  1.36270908565553e-22  1.36338629813206e-22  1.36340156301535e-22  1.36340190709735e-22  1.36340191485329e-22  1.36340191502449e-22  1.36340191502449e-22  1.36340191502449e-22  1.36340191502449e-22  1.36340191502449e-22  1.36340191502449e-22  1.36340191502449e-22  1.36340191502449e-22  1.36340191502449e-22  1.36340191502449e-22  0.0]
[0.12                   0.0                   0.0                   0.0                   0.0                   0.0                   0.0                   0.0                   0.0                   0.0                   0.0                   0.0                   0.0                   0.0                   0.0                   0.0                   0.0  0.0]