 Final Project, Porous Diffusion of metal into bone

 Distance
[ 0.0           0.002585079           0.002585079           0.002585079           0.002585079           0.002585079           0.002585079           0.002585079           0.002585079           0.002585079           0.002585079           0.002585079           0.002585079           0.002585079           0.002585079           0.002585079           0.002585079  0.0]
[0.01   1.01391892335421e-6   1.01391892335421e-6   1.01391892335421e-6   1.01391892335421e-6   1.01391892335421e-6   1.01391892335421e-6   1.01391892335421e-6   1.01391892335421e-6   1.01391892335421e-6   1.01391892335421e-6   1.01391892335421e-6   1.01391892335421e-6   1.01391892335421e-6   1.01391892335421e-6   1.01391892335421e-6   1.01391892335421e-6  0.0]
[0.02  3.97678981236461e-10  3.97678981236461e-10  3.97678981236461e-10  3.97678981236461e-10  3.97678981236461e-10  3.97678981236461e-10  3.97678981236461e-10  3.97678981236461e-10  3.97678981236461e-10  3.97678981236461e-10  3.97678981236461e-10  3.97678981236461e-10  3.97678981236461e-10  3.97678981236461e-10  3.97678981236461e-10  3.97678981236461e-10  0.0]
[0.03   1.5597753279334e-13   1.5597753279334e-13   1.5597753279334e-13   1.5597753279334e-13   1.5597753279334e-13   1.5597753279334e-13   1.5597753279334e-13   1.5597753279334e-13   1.5597753279334e-13   1.5597753279334e-13   1.5597753279334e-13   1.5597753279334e-13   1.5597753279334e-13   1.5597753279334e-13   1.5597753279334e-13   1.5597753279334e-13  0.0]
[0.04   6.1177461933376e-17   6.1177461933376e-17  6.11774619333761e-17  6.11774619333761e-17  6.11774619333762e-17  6.11774619333762e-17  6.11774619333763e-17  6.11774619333763e-17  6.11774619333764e-17  6.11774619333764e-17  6.11774619333764e-17  6.11774619333765e-17  6.11774619333765e-17  6.11774619333765e-17  6.11774619333766e-17  6.11774619333766e-17  0.0]
[0.05  2.39950060857611e-20  2.39950060858136e-20  2.39950060858642e-20  2.39950060859129e-20  2.39950060859597e-20  2.39950060860048e-20  2.39950060860482e-20  2.39950060860899e-20    2.399500608613e-20  2.39950060861687e-20  2.39950060862059e-20  2.39950060862417e-20  2.39950060862761e-20  2.39950060863092e-20  2.39950060863411e-20  2.39950060863718e-20  0.0]
[0.06  9.41131426834505e-24  9.41131432090824e-24  9.41131437148827e-24  9.41131442015997e-24  9.41131446699534e-24  9.41131451206366e-24   9.4113145554316e-24  9.41131459716332e-24  9.41131463732053e-24  9.41131467596267e-24  9.41131471314688e-24  9.41131474892816e-24  9.41131478335947e-24  9.41131481649171e-24   9.4113148483739e-24  9.41131487905322e-24  0.0]
[0.07   3.6913575085198e-27  3.69141007170349e-27  3.69146065173456e-27  3.69150932343525e-27  3.69155615880482e-27  3.69160122712607e-27  3.69164459506785e-27  3.69168632678364e-27   3.6917264840065e-27  3.69176512614037e-27  3.69180231034792e-27  3.69183809163516e-27  3.69187252293277e-27   3.6919056551744e-27  3.69193753737206e-27  3.69196821668855e-27  0.0]
[0.08  1.50242359674476e-30  1.55498678042765e-30  1.60556681150303e-30  1.65423851219416e-30  1.70107388176199e-30  1.74614220301246e-30  1.78951014478546e-30  1.83124186057703e-30  1.87139908344048e-30   1.9100412173072e-30  1.94722542486186e-30   1.9830067121023e-30  2.01743800970893e-30  2.05057025134434e-30   2.0824524489986e-30  2.11313176549198e-30  0.0]
[0.09  5.51897230229957e-32  1.07752906702715e-31  1.58332937775044e-31  2.07004638463244e-31  2.53840008028242e-31  2.98908329275994e-31  3.42276271046383e-31  3.84007986835436e-31  4.24165209696466e-31  4.62807343560854e-31  4.99991551113274e-31  5.35772838351552e-31  5.70204135956101e-31  6.03336377589517e-31  6.35218575241858e-31   6.6589789173338e-31  0.0]
[ 0.1  5.46220809801952e-32  1.07185256576958e-31  1.57765279871292e-31  2.06436973074952e-31  2.53272335437794e-31   2.9834064975512e-31   3.4170858485656e-31  3.83440294228276e-31  4.23597510914088e-31  4.62239638836243e-31  4.99423840670625e-31  5.35205122406599e-31   5.6963641471644e-31  6.02768651254913e-31  6.34650844004537e-31  6.65330155778316e-31  0.0]
[0.11  5.46004430574106e-32  1.07143010420723e-31  1.57703203008176e-31  2.06355813696281e-31  2.53172813506434e-31  2.98223458070513e-31  3.41574390079566e-31  3.83289737867355e-31  4.23431210274272e-31  4.62058187932308e-31  4.99227811105804e-31  5.34995064218149e-31  5.69412857189302e-31  6.02532103704673e-31   6.3440179653085e-31  6.65069079989902e-31  0.0]
[0.12                   0.0                   0.0                   0.0                   0.0                   0.0                   0.0                   0.0                   0.0                   0.0                   0.0                   0.0                   0.0                   0.0                   0.0                   0.0                   0.0  0.0]