 Final Project, Porous Diffusion of metal into bone

 Distance
[ 0.0           0.002585079           0.002585079           0.002585079           0.002585079           0.002585079           0.002585079           0.002585079           0.002585079           0.002585079           0.002585079           0.002585079           0.002585079           0.002585079           0.002585079           0.002585079           0.002585079  0.0]
[0.01   2.53628911646682e-7   2.53628911646682e-7   2.53628911646682e-7   2.53628911646682e-7   2.53628911646682e-7   2.53628911646682e-7   2.53628911646682e-7   2.53628911646682e-7   2.53628911646682e-7   2.53628911646682e-7   2.53628911646682e-7   2.53628911646682e-7   2.53628911646682e-7   2.53628911646682e-7   2.53628911646682e-7   2.53628911646682e-7  0.0]
[0.02   2.4884200762561e-11   2.4884200762561e-11   2.4884200762561e-11   2.4884200762561e-11   2.4884200762561e-11   2.4884200762561e-11   2.4884200762561e-11   2.4884200762561e-11   2.4884200762561e-11   2.4884200762561e-11   2.4884200762561e-11   2.4884200762561e-11   2.4884200762561e-11   2.4884200762561e-11   2.4884200762561e-11   2.4884200762561e-11  0.0]
[0.03  2.44145449969068e-15  2.44145449969068e-15  2.44145449969068e-15  2.44145449969068e-15  2.44145449969068e-15  2.44145449969068e-15  2.44145449969068e-15  2.44145449969068e-15  2.44145449969068e-15  2.44145449969068e-15  2.44145449969068e-15  2.44145449969068e-15  2.44145449969068e-15  2.44145449969068e-15  2.44145449969068e-15  2.44145449969068e-15  0.0]
[0.04  2.39537533511139e-19  2.39537533511139e-19  2.39537533511139e-19  2.39537533511139e-19  2.39537533511139e-19  2.39537533511139e-19  2.39537533511139e-19  2.39537533511139e-19  2.39537533511139e-19  2.39537533511139e-19  2.39537533511139e-19  2.39537533511139e-19  2.39537533511139e-19  2.39537533511139e-19  2.39537533511139e-19  2.39537533511139e-19  0.0]
[0.05  2.35016585268616e-23  2.35016585268617e-23  2.35016585268617e-23  2.35016585268618e-23  2.35016585268618e-23  2.35016585268619e-23   2.3501658526862e-23   2.3501658526862e-23  2.35016585268621e-23  2.35016585268621e-23  2.35016585268622e-23  2.35016585268622e-23  2.35016585268623e-23  2.35016585268623e-23  2.35016585268624e-23  2.35016585268624e-23  0.0]
[0.06   2.3058096383893e-27  2.30580963844252e-27  2.30580963849562e-27  2.30580963854859e-27  2.30580963860143e-27  2.30580963865414e-27  2.30580963870672e-27  2.30580963875918e-27  2.30580963881152e-27  2.30580963886373e-27  2.30580963891581e-27  2.30580963896776e-27   2.3058096390196e-27   2.3058096390713e-27  2.30580963912289e-27  2.30580963917435e-27  0.0]
[0.07  2.26229112126184e-31  2.26229165348732e-31  2.26229218443353e-31  2.26229271410353e-31  2.26229324250041e-31  2.26229376962722e-31  2.26229429548701e-31  2.26229482008283e-31  2.26229534341771e-31  2.26229586549469e-31   2.2622963863168e-31  2.26229690588704e-31  2.26229742420842e-31  2.26229794128395e-31  2.26229845711663e-31  2.26229897170943e-31  0.0]
[0.08  2.22492776537505e-35  2.23025002015361e-35  2.23555948220636e-35  2.24085618228227e-35  2.24614015105639e-35  2.25141141913005e-35  2.25667001703102e-35   2.2619159752137e-35  2.26714932405927e-35  2.27237009387591e-35  2.27757831489893e-35  2.28277401729098e-35  2.28795723114221e-35  2.29312798647043e-35   2.2982863132213e-35  2.30343224126853e-35  0.0]
[0.09  5.55263481682433e-38  1.08748895953812e-37  1.61843516481278e-37  2.14810517240306e-37  2.67650204981465e-37  3.20362885718016e-37  3.72948864727666e-37   4.2540844655437e-37  4.77741935010057e-37  5.29949633176403e-37  5.82031843406564e-37  6.33988867327045e-37  6.85821005839256e-37   7.3752855912138e-37  7.89111826630098e-37  8.40571107102271e-37  0.0]
[ 0.1  5.33488602398706e-38  1.06571407513165e-37  1.59666027529587e-37    2.126330277788e-37   2.6547271501137e-37  3.18185395240553e-37  3.70771373744055e-37  4.23230955065829e-37  4.75564443017799e-37  5.27772140681638e-37  5.79854350410499e-37  6.31811373830886e-37  6.83643511844205e-37  7.35351064628637e-37  7.86934331640858e-37  8.38393611617729e-37  0.0]
[0.11  5.33434129589613e-38   1.0656073894014e-37  1.59650150214497e-37  2.12611954241527e-37  2.65446457741705e-37  3.18153966698265e-37  3.70734786358965e-37   4.2318922123788e-37  4.75517575117131e-37  5.27720151048657e-37   5.7979725135595e-37  6.31749177635922e-37   6.8357623076046e-37  7.35278710878297e-37  7.86856917416732e-37  8.38311149083318e-37  0.0]
[0.12                   0.0                   0.0                   0.0                   0.0                   0.0                   0.0                   0.0                   0.0                   0.0                   0.0                   0.0                   0.0                   0.0                   0.0                   0.0                   0.0  0.0]