 Final Project, Porous Diffusion of metal into bone

 Distance
[ 0.0           0.002585079           0.002585079           0.002585079           0.002585079           0.002585079           0.002585079           0.002585079           0.002585079           0.002585079           0.002585079           0.002585079           0.002585079           0.002585079           0.002585079           0.002585079           0.002585079  0.0]
[0.01   2.55232600667446e-6   2.55232600667446e-6   2.55232600667446e-6   2.55232600667446e-6   2.55232600667446e-6   2.55232600667446e-6   2.55232600667446e-6   2.55232600667446e-6   2.55232600667446e-6   2.55232600667446e-6   2.55232600667446e-6   2.55232600667446e-6   2.55232600667446e-6   2.55232600667446e-6   2.55232600667446e-6   2.55232600667446e-6  0.0]
[0.02   2.51998799431151e-9   2.51998799431151e-9   2.51998799431151e-9   2.51998799431151e-9   2.51998799431151e-9   2.51998799431151e-9   2.51998799431151e-9   2.51998799431151e-9   2.51998799431151e-9   2.51998799431151e-9   2.51998799431151e-9   2.51998799431151e-9   2.51998799431151e-9   2.51998799431151e-9   2.51998799431151e-9   2.51998799431151e-9  0.0]
[0.03  2.48805970509555e-12  2.48805970509555e-12  2.48805970509555e-12  2.48805970509555e-12  2.48805970509555e-12  2.48805970509555e-12  2.48805970509555e-12  2.48805970509555e-12  2.48805970509555e-12  2.48805970509555e-12  2.48805970509555e-12  2.48805970509555e-12  2.48805970509555e-12  2.48805970509555e-12  2.48805970509555e-12  2.48805970509555e-12  0.0]
[0.04  2.45653594782808e-15  2.45653594782848e-15  2.45653594782879e-15  2.45653594782903e-15  2.45653594782922e-15  2.45653594782937e-15  2.45653594782949e-15  2.45653594782958e-15  2.45653594782965e-15  2.45653594782971e-15  2.45653594782975e-15  2.45653594782979e-15  2.45653594782981e-15  2.45653594782984e-15  2.45653594782985e-15  2.45653594782986e-15  0.0]
[0.05  2.42541159758605e-18  2.42541159798174e-18  2.42541159829185e-18  2.42541159853489e-18  2.42541159872537e-18  2.42541159887464e-18  2.42541159899164e-18  2.42541159908333e-18  2.42541159915518e-18   2.4254115992115e-18  2.42541159925564e-18  2.42541159929023e-18  2.42541159931734e-18  2.42541159933858e-18  2.42541159935523e-18  2.42541159936828e-18  0.0]
[0.06  2.39468209723623e-21  2.39468249292754e-21  2.39468280303803e-21  2.39468304607728e-21  2.39468323655157e-21  2.39468338582975e-21  2.39468350282178e-21  2.39468359451056e-21  2.39468366636873e-21  2.39468372268529e-21  2.39468376682161e-21  2.39468380141205e-21   2.3946838285212e-21  2.39468384976714e-21  2.39468386641797e-21  2.39468387946753e-21  0.0]
[0.07  2.36484580436399e-24  2.36524149567132e-24  2.36555160616438e-24  2.36579464541272e-24  2.36598511970351e-24  2.36613439787854e-24  2.36625138990642e-24  2.36634307869205e-24  2.36641493686531e-24  2.36647125342604e-24  2.36651538974162e-24  2.36654998017698e-24  2.36657708933194e-24  2.36659833527102e-24   2.3666149861009e-24  2.36662803565991e-24  0.0]
[0.08  2.83925174198581e-27  3.23494304931663e-27  3.54505354237914e-27  3.78809279071697e-27  3.97856708150689e-27  4.12784525653443e-27  4.24483728441996e-27    4.336526070046e-27   4.4083842433039e-27  4.46470080403366e-27  4.50883711962097e-27  4.54342755498106e-27  4.57053670993598e-27  4.59178264901474e-27  4.60843347889474e-27  4.62148303790272e-27  0.0]
[0.09   5.0717185063722e-28  9.02863157587574e-28  1.21297365035191e-27  1.45601289845605e-27  1.64648718906283e-27  1.79576536394683e-27  1.91275739171987e-27  2.00444617725775e-27  2.07630435044655e-27  2.13262091112217e-27  2.17675722666704e-27  2.21134766199387e-27  2.23845681692273e-27  2.25970275598106e-27  2.27635358584505e-27  2.28940314484047e-27  0.0]
[ 0.1  5.04868826571463e-28  9.00559748173912e-28  1.21066993893407e-27  1.45370895035203e-27  1.64418305546353e-27   1.7934610849715e-27  1.91045299881069e-27  2.00214169505654e-27  2.07399979826554e-27  2.13031630409672e-27    2.174452576659e-27  2.20904297829959e-27  2.23615210682793e-27  2.25739802519569e-27  2.27404883884411e-27  2.28709838513109e-27  0.0]
[0.11  5.04368576751441e-28  8.99669205810568e-28  1.20947351718746e-27  1.45227280535499e-27  1.64255903498373e-27  1.79168982304991e-27   1.9085663410862e-27  2.00016459953705e-27  2.07195182499696e-27   2.1282127826437e-27  2.17230552108091e-27  2.20686180423383e-27  2.23394419348122e-27  2.25516915578691e-27  2.27180354578734e-27  2.28484022056191e-27  0.0]
[0.12                   0.0                   0.0                   0.0                   0.0                   0.0                   0.0                   0.0                   0.0                   0.0                   0.0                   0.0                   0.0                   0.0                   0.0                   0.0                   0.0  0.0]