 Final Project, Porous Diffusion of metal into bone

 Distance
[ 0.0           0.002585079           0.002585079           0.002585079           0.002585079           0.002585079           0.002585079           0.002585079           0.002585079           0.002585079           0.002585079           0.002585079           0.002585079           0.002585079           0.002585079           0.002585079           0.002585079  0.0]
[0.01   1.54199807787575e-6   1.54199807787575e-6   1.54199807787575e-6   1.54199807787575e-6   1.54199807787575e-6   1.54199807787575e-6   1.54199807787575e-6   1.54199807787575e-6   1.54199807787575e-6   1.54199807787575e-6   1.54199807787575e-6   1.54199807787575e-6   1.54199807787575e-6   1.54199807787575e-6   1.54199807787575e-6   1.54199807787575e-6  0.0]
[0.02  9.19800931488938e-10  9.19800931488938e-10  9.19800931488938e-10  9.19800931488938e-10  9.19800931488938e-10  9.19800931488938e-10  9.19800931488938e-10  9.19800931488938e-10  9.19800931488938e-10  9.19800931488938e-10  9.19800931488938e-10  9.19800931488938e-10  9.19800931488938e-10  9.19800931488938e-10  9.19800931488938e-10  9.19800931488938e-10  0.0]
[0.03   5.4866070568221e-13   5.4866070568221e-13   5.4866070568221e-13   5.4866070568221e-13   5.4866070568221e-13   5.4866070568221e-13   5.4866070568221e-13   5.4866070568221e-13   5.4866070568221e-13   5.4866070568221e-13   5.4866070568221e-13   5.4866070568221e-13   5.4866070568221e-13   5.4866070568221e-13   5.4866070568221e-13   5.4866070568221e-13  0.0]
[0.04  3.27275782894034e-16  3.27275782894038e-16  3.27275782894041e-16  3.27275782894043e-16  3.27275782894046e-16  3.27275782894048e-16   3.2727578289405e-16  3.27275782894052e-16  3.27275782894054e-16  3.27275782894055e-16  3.27275782894057e-16  3.27275782894058e-16  3.27275782894059e-16   3.2727578289406e-16  3.27275782894061e-16  3.27275782894062e-16  0.0]
[0.05  1.95219808820926e-19  1.95219808824153e-19  1.95219808827104e-19  1.95219808829805e-19  1.95219808832276e-19  1.95219808834536e-19  1.95219808836604e-19  1.95219808838496e-19  1.95219808840227e-19  1.95219808841811e-19  1.95219808843259e-19  1.95219808844585e-19  1.95219808845798e-19  1.95219808846907e-19  1.95219808847922e-19  1.95219808848851e-19  0.0]
[0.06  1.16448502763585e-22  1.16448505989935e-22  1.16448508941685e-22  1.16448511642208e-22  1.16448514112885e-22   1.1644851637328e-22  1.16448518441289e-22  1.16448520333287e-22  1.16448522064255e-22  1.16448523647897e-22  1.16448525096753e-22  1.16448526422296e-22  1.16448527635019e-22  1.16448528744526e-22  1.16448529759601e-22  1.16448530688282e-22  0.0]
[0.07  6.94649865171116e-26  6.94682128664337e-26  6.94711646166675e-26   6.9473865139324e-26  6.94763358167326e-26  6.94785962113428e-26  6.94806642206166e-26  6.94825562187383e-26  6.94842871862623e-26  6.94858708287273e-26  6.94873196851745e-26  6.94886452274298e-26  6.94898579509358e-26  6.94909674578537e-26  6.94919825330911e-26    6.949291121386e-26  0.0]
[0.08  4.49600663655874e-29  4.81864156877528e-29  5.11381659214823e-29  5.38386885779923e-29   5.6309365986598e-29  5.85697605967609e-29  6.06377698705956e-29  6.25297679922685e-29  6.42607355163044e-29  6.58443779813495e-29  6.72932344285508e-29  6.86187766837793e-29  6.98315001898224e-29  7.09410071076936e-29  7.19560823450988e-29  7.28847631140043e-29  0.0]
[0.09  3.55106209335151e-30  6.77741141483251e-30  9.72916164793592e-30  1.24296843038731e-29  1.49003617119548e-29  1.71607563216381e-29  1.92287655950342e-29  2.11207637163058e-29  2.28517312399745e-29  2.44353737046838e-29  2.58842301515777e-29  2.72097724065251e-29  2.84224959123109e-29  2.95320028299468e-29  3.05470780671367e-29  3.14757588358452e-29  0.0]
[ 0.1   3.5263603931052e-30  6.75270856729784e-30   9.7044577507602e-30  1.24049794463927e-29  1.48756559759027e-29  1.71360497817907e-29  1.92040583198036e-29  2.10960557682815e-29   2.2827022676419e-29  2.44106645779857e-29  2.58595205096669e-29  2.71850622932521e-29   2.8397785367794e-29  2.95072918908897e-29  3.05223667671193e-29  3.14510472055893e-29  0.0]
[0.11  3.52424345822446e-30  6.74866826426464e-30  9.69865778011924e-30  1.23975695759071e-29  1.48667732263925e-29  1.71258195120429e-29  1.91925952191441e-29  2.10834647646678e-29  2.28133997672439e-29    2.439609759017e-29  2.58440897950598e-29  2.71688413648448e-29  2.83808414817847e-29  2.94896865792077e-29  3.05041563246256e-29   3.1432283135811e-29  0.0]
[0.12                   0.0                   0.0                   0.0                   0.0                   0.0                   0.0                   0.0                   0.0                   0.0                   0.0                   0.0                   0.0                   0.0                   0.0                   0.0                   0.0  0.0]