 Final Project, Porous Diffusion of metal into bone

 Distance
[ 0.0           0.002585079           0.002585079           0.002585079           0.002585079           0.002585079           0.002585079           0.002585079           0.002585079           0.002585079           0.002585079           0.002585079           0.002585079           0.002585079           0.002585079           0.002585079           0.002585079  0.0]
[0.01   6.21084794450891e-7   6.21084794450891e-7   6.21084794450891e-7   6.21084794450891e-7   6.21084794450891e-7   6.21084794450891e-7   6.21084794450891e-7   6.21084794450891e-7   6.21084794450891e-7   6.21084794450891e-7   6.21084794450891e-7   6.21084794450891e-7   6.21084794450891e-7   6.21084794450891e-7   6.21084794450891e-7   6.21084794450891e-7  0.0]
[0.02  1.49220322434287e-10  1.49220322434287e-10  1.49220322434287e-10  1.49220322434287e-10  1.49220322434287e-10  1.49220322434287e-10  1.49220322434287e-10  1.49220322434287e-10  1.49220322434287e-10  1.49220322434287e-10  1.49220322434287e-10  1.49220322434287e-10  1.49220322434287e-10  1.49220322434287e-10  1.49220322434287e-10  1.49220322434287e-10  0.0]
[0.03  3.58513118117454e-14  3.58513118117454e-14  3.58513118117454e-14  3.58513118117454e-14  3.58513118117454e-14  3.58513118117454e-14  3.58513118117454e-14  3.58513118117454e-14  3.58513118117454e-14  3.58513118117454e-14  3.58513118117454e-14  3.58513118117454e-14  3.58513118117454e-14  3.58513118117454e-14  3.58513118117454e-14  3.58513118117454e-14  0.0]
[0.04  8.61354899691371e-18  8.61354899691371e-18  8.61354899691371e-18  8.61354899691371e-18  8.61354899691371e-18  8.61354899691372e-18  8.61354899691372e-18  8.61354899691372e-18  8.61354899691372e-18  8.61354899691372e-18  8.61354899691372e-18  8.61354899691372e-18  8.61354899691372e-18  8.61354899691372e-18  8.61354899691372e-18  8.61354899691372e-18  0.0]
[0.05  2.06947033659006e-21  2.06947033659046e-21  2.06947033659086e-21  2.06947033659126e-21  2.06947033659165e-21  2.06947033659203e-21  2.06947033659241e-21  2.06947033659278e-21  2.06947033659314e-21  2.06947033659351e-21  2.06947033659386e-21  2.06947033659421e-21  2.06947033659456e-21   2.0694703365949e-21  2.06947033659523e-21  2.06947033659557e-21  0.0]
[0.06  4.97205911187219e-25  4.97205911592529e-25  4.97205911992033e-25  4.97205912385812e-25   4.9720591277395e-25  4.97205913156527e-25  4.97205913533622e-25  4.97205913905315e-25  4.97205914271683e-25  4.97205914632801e-25  4.97205914988745e-25   4.9720591533959e-25  4.97205915685408e-25  4.97205916026272e-25  4.97205916362252e-25  4.97205916693418e-25  0.0]
[0.07  1.19457894261849e-28  1.19458299572274e-28  1.19458699075695e-28   1.1945909285531e-28  1.19459480993127e-28  1.19459863569976e-28  1.19460240665533e-28  1.19460612358328e-28  1.19460978725768e-28  1.19461339844153e-28  1.19461695788686e-28  1.19462046633495e-28  1.19462392451645e-28  1.19462733315155e-28   1.1946306929501e-28  1.19463400461182e-28  0.0]
[0.08  2.91117496792513e-32  2.95170601040428e-32  2.99165635247383e-32  3.03103431400281e-32  3.06984809565903e-32  3.10810578061682e-32  3.14581533624049e-32  3.18298461574352e-32  3.21962135982402e-32   3.2557331982768e-32  3.29132765158234e-32  3.32641213247292e-32  3.36099394747639e-32  3.39508029843775e-32  3.42867828401905e-32  3.46179490117762e-32  0.0]
[0.09  4.18080805647782e-34  8.23391230433645e-34  1.22289465112358e-33  1.61667426640799e-33  2.00481208296475e-33  2.38738893253738e-33  2.76448448876884e-33  3.13617728379399e-33  3.50254472459389e-33   3.8636631091167e-33  4.21960764216716e-33  4.57045245106813e-33  4.91627060109805e-33   5.2571341107069e-33  5.59311396651517e-33   5.9242801380963e-33  0.0]
[ 0.1  4.11186910808835e-34  8.16497312204299e-34  1.21600070983895e-33  1.60978030239841e-33   1.9979180965558e-33  2.38049492404998e-33  2.75759045851932e-33  3.12928323209414e-33  3.49565065175104e-33  3.85676901543375e-33  4.21271352794272e-33  4.56355831659649e-33   4.9093764466693e-33  5.25023993660698e-33   5.5862197730259e-33  5.91738592549549e-33  0.0]
[0.11  4.11086488256235e-34  8.16299534145025e-34  1.21570697111457e-33  1.60939197786616e-33  1.99743654137495e-33    2.379921473964e-33   2.7569264301341e-33  3.12852992315216e-33  3.49480934140162e-33  3.85584096449949e-33  4.21169997918199e-33  4.56246049496231e-33  4.90819555956442e-33  5.24897717413533e-33  5.58487630824044e-33  5.91596291464248e-33  0.0]
[0.12                   0.0                   0.0                   0.0                   0.0                   0.0                   0.0                   0.0                   0.0                   0.0                   0.0                   0.0                   0.0                   0.0                   0.0                   0.0                   0.0  0.0]