 Final Project, Porous Diffusion of metal into bone

 Distance
[ 0.0           0.002585079           0.002585079           0.002585079           0.002585079           0.002585079           0.002585079           0.002585079           0.002585079           0.002585079           0.002585079           0.002585079           0.002585079           0.002585079           0.002585079           0.002585079           0.002585079  0.0]
[0.01   1.79129411403677e-6   1.79129411403677e-6   1.79129411403677e-6   1.79129411403677e-6   1.79129411403677e-6   1.79129411403677e-6   1.79129411403677e-6   1.79129411403677e-6   1.79129411403677e-6   1.79129411403677e-6   1.79129411403677e-6   1.79129411403677e-6   1.79129411403677e-6   1.79129411403677e-6   1.79129411403677e-6   1.79129411403677e-6  0.0]
[0.02   1.24125204799651e-9   1.24125204799651e-9   1.24125204799651e-9   1.24125204799651e-9   1.24125204799651e-9   1.24125204799651e-9   1.24125204799651e-9   1.24125204799651e-9   1.24125204799651e-9   1.24125204799651e-9   1.24125204799651e-9   1.24125204799651e-9   1.24125204799651e-9   1.24125204799651e-9   1.24125204799651e-9   1.24125204799651e-9  0.0]
[0.03  8.60108138904937e-13  8.60108138904937e-13  8.60108138904937e-13  8.60108138904938e-13  8.60108138904938e-13  8.60108138904938e-13  8.60108138904938e-13  8.60108138904938e-13  8.60108138904938e-13  8.60108138904938e-13  8.60108138904938e-13  8.60108138904938e-13  8.60108138904938e-13  8.60108138904938e-13  8.60108138904938e-13  8.60108138904938e-13  0.0]
[0.04  5.95999830819706e-16   5.9599983081972e-16  5.95999830819732e-16  5.95999830819743e-16  5.95999830819753e-16  5.95999830819761e-16  5.95999830819769e-16  5.95999830819775e-16  5.95999830819781e-16  5.95999830819786e-16  5.95999830819791e-16  5.95999830819795e-16  5.95999830819799e-16  5.95999830819802e-16  5.95999830819805e-16  5.95999830819808e-16  0.0]
[0.05  4.12989695461686e-19  4.12989695475471e-19  4.12989695487697e-19   4.1298969549854e-19  4.12989695508156e-19  4.12989695516685e-19  4.12989695524249e-19  4.12989695530957e-19  4.12989695536906e-19  4.12989695542183e-19  4.12989695546863e-19  4.12989695551013e-19  4.12989695554694e-19  4.12989695557958e-19  4.12989695560854e-19  4.12989695563421e-19  0.0]
[0.06  2.86175413126374e-22  2.86175426911437e-22    2.861754391372e-22  2.86175449980043e-22  2.86175459596395e-22  2.86175468124992e-22  2.86175475688875e-22  2.86175482397167e-22   2.8617548834665e-22  2.86175493623155e-22  2.86175498302808e-22   2.8617550245312e-22   2.8617550613397e-22  2.86175509398459e-22  2.86175512293684e-22  2.86175514861416e-22  0.0]
[0.07   1.9831675707917e-25  1.98330542142093e-25  1.98342767904712e-25  1.98353610747609e-25  1.98363227100041e-25  1.98371755696737e-25  1.98379319579416e-25  1.98386027871907e-25  1.98391977354477e-25  1.98397253860068e-25  1.98401933512616e-25  1.98406083825276e-25  1.98409764674443e-25   1.9841302916358e-25  1.98415924389338e-25  1.98418492121022e-25  0.0]
[0.08  1.52952616851889e-28  1.66737679775092e-28  1.78963442393669e-28  1.89806285290977e-28  1.99422637723427e-28  2.07951234419046e-28  2.15515117097793e-28  2.22223409589474e-28  2.28172892158844e-28  2.33449397750565e-28  2.38129050297626e-28  2.42279362958261e-28  2.45960212125542e-28  2.49224701261685e-28  2.52119927019586e-28  2.54687658704272e-28  0.0]
[0.09  1.56377972421821e-29  2.94228601608013e-29  4.16486227753133e-29  5.24914656690167e-29  6.21078180982687e-29  7.06364147910525e-29  7.82002974672839e-29  8.49085899567348e-29  9.08580725241273e-29  9.61345781140938e-29  1.00814230659598e-28  1.04964543318854e-28  1.08645392484911e-28  1.11909881619969e-28  1.14805107376906e-28  1.17372839060739e-28  0.0]
[ 0.1  1.55426394126245e-29  2.93276957167854e-29  4.15534524650349e-29  5.23962901560394e-29  6.20126379710968e-29  7.05412305716217e-29  7.81051096184908e-29  8.48133988891156e-29  9.07628786017801e-29  9.60393816599317e-29  1.00719031960008e-28  1.04869342627827e-28   1.0855019002771e-28  1.11814677596375e-28  1.14709901964103e-28  1.17277632415866e-28  0.0]
[0.11  1.55318109701712e-29   2.9307321723437e-29  4.15246126677975e-29  5.23599421661082e-29  6.19696310792745e-29  7.04923180010023e-29  7.80509593911791e-29  8.47546034637547e-29  9.06999634209287e-29  9.59728127306024e-29  1.00649222576732e-28  1.04796659335237e-28  1.08474957908665e-28  1.11737184961918e-28  1.14630404512911e-28  1.17196356923209e-28  0.0]
[0.12                   0.0                   0.0                   0.0                   0.0                   0.0                   0.0                   0.0                   0.0                   0.0                   0.0                   0.0                   0.0                   0.0                   0.0                   0.0                   0.0  0.0]