 Final Project, Porous Diffusion of metal into bone

 Distance
[ 0.0           0.002585079           0.002585079           0.002585079           0.002585079           0.002585079           0.002585079           0.002585079           0.002585079           0.002585079           0.002585079           0.002585079           0.002585079           0.002585079           0.002585079           0.002585079           0.002585079  0.0]
[0.01   5.49992964971006e-6   5.49992964971006e-6   5.49992964971006e-6   5.49992964971006e-6   5.49992964971006e-6   5.49992964971006e-6   5.49992964971006e-6   5.49992964971006e-6   5.49992964971006e-6   5.49992964971006e-6   5.49992964971006e-6   5.49992964971006e-6   5.49992964971006e-6   5.49992964971006e-6   5.49992964971006e-6   5.49992964971006e-6  0.0]
[0.02   1.17014706907448e-8   1.17014706907448e-8   1.17014706907448e-8   1.17014706907448e-8   1.17014706907448e-8   1.17014706907448e-8   1.17014706907448e-8   1.17014706907448e-8   1.17014706907448e-8   1.17014706907448e-8   1.17014706907448e-8   1.17014706907448e-8   1.17014706907448e-8   1.17014706907448e-8   1.17014706907448e-8   1.17014706907448e-8  0.0]
[0.03  2.48956668624991e-11  2.48956668624993e-11  2.48956668624994e-11  2.48956668624994e-11  2.48956668624994e-11  2.48956668624994e-11  2.48956668624994e-11  2.48956668624994e-11  2.48956668624994e-11  2.48956668624994e-11  2.48956668624994e-11  2.48956668624994e-11  2.48956668624994e-11  2.48956668624994e-11  2.48956668624994e-11  2.48956668624994e-11  0.0]
[0.04  5.29672077055516e-14  5.29672077057887e-14  5.29672077058652e-14  5.29672077058898e-14  5.29672077058978e-14  5.29672077059003e-14  5.29672077059012e-14  5.29672077059014e-14  5.29672077059015e-14  5.29672077059016e-14  5.29672077059016e-14  5.29672077059016e-14  5.29672077059016e-14  5.29672077059016e-14  5.29672077059016e-14  5.29672077059016e-14  0.0]
[0.05  1.12691301897841e-16  1.12691302134978e-16  1.12691302211455e-16  1.12691302236119e-16  1.12691302244074e-16  1.12691302246639e-16  1.12691302247466e-16  1.12691302247733e-16  1.12691302247819e-16  1.12691302247847e-16  1.12691302247856e-16  1.12691302247858e-16  1.12691302247859e-16   1.1269130224786e-16   1.1269130224786e-16   1.1269130224786e-16  0.0]
[0.06  2.39759067025662e-19  2.39759304162907e-19   2.3975938063995e-19  2.39759405303888e-19  2.39759413258037e-19  2.39759415823259e-19  2.39759416650546e-19  2.39759416917348e-19  2.39759417003391e-19  2.39759417031141e-19   2.3975941704009e-19  2.39759417042976e-19  2.39759417043907e-19  2.39759417044207e-19  2.39759417044304e-19  2.39759417044335e-19  0.0]
[0.07  5.10837253634864e-22  5.11074390879763e-22  5.11150867923007e-22  5.11175531860322e-22  5.11183486009412e-22  5.11186051231945e-22  5.11186878519259e-22  5.11187145320401e-22  5.11187231364086e-22  5.11187259113277e-22  5.11187268062424e-22  5.11187270948535e-22  5.11187271879309e-22  5.11187272179485e-22  5.11187272276292e-22  5.11187272307512e-22  0.0]
[0.08   1.8205340050757e-24  2.05767124996901e-24  2.13414829321148e-24  2.15881223052651e-24  2.16676637961609e-24  2.16933160214852e-24  2.17015888946321e-24  2.17042569060517e-24  2.17051173429049e-24  2.17053948348122e-24  2.17054843262822e-24   2.1705513187387e-24  2.17055224951274e-24  2.17055254968848e-24   2.1705526464955e-24  2.17055267771592e-24  0.0]
[0.09  7.37566650207393e-25  9.74703892821769e-25  1.05118093532929e-24  1.07584487240729e-24  1.08379902142043e-24  1.08636424392821e-24  1.08719153123495e-24  1.08745833237435e-24  1.08754437605884e-24  1.08757212524931e-24  1.08758107439621e-24  1.08758396050667e-24   1.0875848912807e-24  1.08758519145643e-24  1.08758528826346e-24  1.08758531948388e-24  0.0]
[ 0.1  7.35259243168669e-25  9.72395414645271e-25  1.04887211170958e-24  1.07353593738174e-24  1.08149005046636e-24  1.08405526138716e-24  1.08488254495708e-24  1.08514934489135e-24  1.08523538818719e-24  1.08526313725231e-24  1.08527208635879e-24  1.08527497245621e-24  1.08527590322604e-24  1.08527620340042e-24    1.085276300207e-24  1.08527633142728e-24  0.0]
[0.11  7.33693362407419e-25  9.70326079574333e-25  1.04664041202557e-24   1.0712518749171e-24  1.07918910094274e-24  1.08174886576695e-24  1.08257439296425e-24  1.08284062646627e-24  1.08292648708703e-24  1.08295417723922e-24  1.08296310734622e-24  1.08296598731628e-24  1.08296691611003e-24  1.08296721564712e-24  1.08296731224818e-24  1.08296734340217e-24  0.0]
[0.12                   0.0                   0.0                   0.0                   0.0                   0.0                   0.0                   0.0                   0.0                   0.0                   0.0                   0.0                   0.0                   0.0                   0.0                   0.0                   0.0  0.0]