 Final Project, Porous Diffusion of metal into bone

 Distance
[ 0.0           0.002585079           0.002585079           0.002585079           0.002585079           0.002585079           0.002585079           0.002585079           0.002585079           0.002585079           0.002585079           0.002585079           0.002585079           0.002585079           0.002585079           0.002585079           0.002585079  0.0]
[0.01   1.19574217349384e-7   1.19574217349384e-7   1.19574217349384e-7   1.19574217349384e-7   1.19574217349384e-7   1.19574217349384e-7   1.19574217349384e-7   1.19574217349384e-7   1.19574217349384e-7   1.19574217349384e-7   1.19574217349384e-7   1.19574217349384e-7   1.19574217349384e-7   1.19574217349384e-7   1.19574217349384e-7   1.19574217349384e-7  0.0]
[0.02    5.530969635635e-12    5.530969635635e-12    5.530969635635e-12    5.530969635635e-12    5.530969635635e-12    5.530969635635e-12    5.530969635635e-12    5.530969635635e-12    5.530969635635e-12    5.530969635635e-12    5.530969635635e-12    5.530969635635e-12    5.530969635635e-12    5.530969635635e-12    5.530969635635e-12    5.530969635635e-12  0.0]
[0.03   2.5583797066328e-16   2.5583797066328e-16   2.5583797066328e-16   2.5583797066328e-16   2.5583797066328e-16   2.5583797066328e-16   2.5583797066328e-16   2.5583797066328e-16   2.5583797066328e-16   2.5583797066328e-16   2.5583797066328e-16   2.5583797066328e-16   2.5583797066328e-16   2.5583797066328e-16   2.5583797066328e-16   2.5583797066328e-16  0.0]
[0.04  1.18339227196988e-20  1.18339227196988e-20  1.18339227196988e-20  1.18339227196988e-20  1.18339227196988e-20  1.18339227196988e-20  1.18339227196988e-20  1.18339227196988e-20  1.18339227196988e-20  1.18339227196988e-20  1.18339227196988e-20  1.18339227196988e-20  1.18339227196988e-20  1.18339227196988e-20  1.18339227196988e-20  1.18339227196988e-20  0.0]
[0.05  5.47384450293813e-25  5.47384450293813e-25  5.47384450293813e-25  5.47384450293813e-25  5.47384450293813e-25  5.47384450293813e-25  5.47384450293813e-25  5.47384450293813e-25  5.47384450293813e-25  5.47384450293813e-25  5.47384450293813e-25  5.47384450293813e-25  5.47384450293813e-25  5.47384450293813e-25  5.47384450293813e-25  5.47384450293813e-25  0.0]
[0.06  2.53195616974105e-29  2.53195616974395e-29  2.53195616974684e-29  2.53195616974973e-29  2.53195616975262e-29  2.53195616975551e-29   2.5319561697584e-29  2.53195616976128e-29  2.53195616976417e-29  2.53195616976705e-29  2.53195616976993e-29  2.53195616977281e-29  2.53195616977569e-29  2.53195616977857e-29  2.53195616978144e-29  2.53195616978432e-29  0.0]
[0.07  1.17116995205108e-33  1.17116998100468e-33  1.17117000994281e-33  1.17117003886545e-33  1.17117006777264e-33  1.17117009666436e-33  1.17117012554064e-33  1.17117015440147e-33  1.17117018324687e-33  1.17117021207684e-33   1.1711702408914e-33  1.17117026969055e-33   1.1711702984743e-33  1.17117032724265e-33  1.17117035599562e-33  1.17117038473322e-33  0.0]
[0.08  5.42020616568033e-38  5.42310152631862e-38  5.42599533866092e-38  5.42888760353521e-38  5.43177832176897e-38  5.43466749418928e-38  5.43755512162277e-38  5.44044120489561e-38  5.44332574483355e-38  5.44620874226189e-38  5.44909019800548e-38  5.45197011288875e-38  5.45484848773566e-38  5.45772532336975e-38  5.46060062061413e-38  5.46347438029144e-38  0.0]
[0.09  3.14737442012504e-41  6.04273505841211e-41  8.93654740071966e-41      1.1828812275e-40  1.47195305087626e-40  1.76087029290745e-40  2.04963303625605e-40  2.33824136354033e-40  2.62669535733436e-40  2.91499510016813e-40   3.2031406745274e-40  3.49113216285385e-40   3.7789696475451e-40  4.06665321095473e-40  4.35418293539221e-40  4.64155890312302e-40  0.0]
[ 0.1  2.89680545054162e-41  5.79216608263413e-41  8.68597841875045e-41  1.15782432868428e-40  1.44689615144208e-40  1.73581339285514e-40  2.02457613558594e-40  2.31318446225275e-40  2.60163845542964e-40   2.8899381976466e-40  3.17808377138939e-40  3.46607525909969e-40  3.75391274317511e-40  4.04159630596926e-40  4.32912602979157e-40  4.61650199690755e-40  0.0]
[0.11  2.89665987431745e-41  5.79188658614336e-41  8.68556507360703e-41  1.15776961646224e-40  1.44682806866608e-40  1.73573194667509e-40  2.02448133314793e-40  2.31307631069905e-40  2.60151696189869e-40  2.88980336927304e-40  3.17793561530403e-40  3.46591378242954e-40  3.75373795304335e-40  4.04140820949528e-40  4.32892463409094e-40  4.61628730909204e-40  0.0]
[0.12                   0.0                   0.0                   0.0                   0.0                   0.0                   0.0                   0.0                   0.0                   0.0                   0.0                   0.0                   0.0                   0.0                   0.0                   0.0                   0.0  0.0]