 Final Project, Porous Diffusion of metal into bone

 Distance
[ 0.0           0.002585079           0.002585079           0.002585079           0.002585079           0.002585079           0.002585079           0.002585079           0.002585079           0.002585079           0.002585079           0.002585079           0.002585079           0.002585079           0.002585079           0.002585079           0.002585079  0.0]
[0.01   2.75581866553083e-6   2.75581866553083e-6   2.75581866553083e-6   2.75581866553083e-6   2.75581866553083e-6   2.75581866553083e-6   2.75581866553083e-6   2.75581866553083e-6   2.75581866553083e-6   2.75581866553083e-6   2.75581866553083e-6   2.75581866553083e-6   2.75581866553083e-6   2.75581866553083e-6   2.75581866553083e-6   2.75581866553083e-6  0.0]
[0.02   2.93783536877911e-9   2.93783536877911e-9   2.93783536877911e-9   2.93783536877911e-9   2.93783536877911e-9   2.93783536877911e-9   2.93783536877911e-9   2.93783536877911e-9   2.93783536877911e-9   2.93783536877911e-9   2.93783536877911e-9   2.93783536877911e-9   2.93783536877911e-9   2.93783536877911e-9   2.93783536877911e-9   2.93783536877911e-9  0.0]
[0.03   3.1318739371362e-12   3.1318739371362e-12   3.1318739371362e-12   3.1318739371362e-12   3.1318739371362e-12   3.1318739371362e-12   3.1318739371362e-12   3.1318739371362e-12   3.1318739371362e-12   3.1318739371362e-12   3.1318739371362e-12   3.1318739371362e-12   3.1318739371362e-12   3.1318739371362e-12   3.1318739371362e-12   3.1318739371362e-12  0.0]
[0.04  3.33872839246004e-15  3.33872839246085e-15  3.33872839246145e-15  3.33872839246191e-15  3.33872839246225e-15  3.33872839246251e-15   3.3387283924627e-15  3.33872839246285e-15  3.33872839246296e-15  3.33872839246304e-15   3.3387283924631e-15  3.33872839246315e-15  3.33872839246318e-15  3.33872839246321e-15  3.33872839246323e-15  3.33872839246324e-15  0.0]
[0.05   3.5592452013393e-18  3.55924520214202e-18  3.55924520274621e-18  3.55924520320097e-18  3.55924520354326e-18   3.5592452038009e-18  3.55924520399481e-18  3.55924520414077e-18  3.55924520425063e-18  3.55924520433332e-18  3.55924520439555e-18   3.5592452044424e-18  3.55924520447766e-18   3.5592452045042e-18  3.55924520452417e-18  3.55924520453921e-18  0.0]
[0.06  3.79432780001053e-21  3.79432860272893e-21   3.7943292069188e-21  3.79432966168027e-21     3.79433000397e-21  3.79433026160455e-21  3.79433045552085e-21  3.79433060147772e-21   3.7943307113365e-21  3.79433079402498e-21  3.79433085626292e-21  3.79433090310815e-21  3.79433093836761e-21  3.79433096490669e-21  3.79433098488212e-21  3.79433099991722e-21  0.0]
[0.07  4.04600139722819e-24  4.04680411562787e-24  4.04740830549669e-24  4.04786306696437e-24  4.04820535670335e-24  4.04846299125187e-24  4.04865690755443e-24  4.04880286442481e-24  4.04891272320268e-24  4.04899541167801e-24  4.04905764961734e-24  4.04910449485275e-24  4.04913975431192e-24  4.04916629339215e-24  4.04918626881991e-24  4.04920130391949e-24  0.0]
[0.08   5.3785271958666e-27  6.18124559554645e-27  6.78543546435686e-27  7.24019693203809e-27  7.58248667101514e-27    7.840121219532e-27  8.03403752210016e-27  8.17999439247409e-27  8.28985317034507e-27  8.37254164567568e-27  8.43477958501057e-27  8.48162482042152e-27  8.51688427959008e-27  8.54342335981779e-27  8.56339878757373e-27  8.57843388715537e-27  0.0]
[0.09  1.07102869042743e-27  1.87374708913581e-27    2.477936957215e-27  2.93269842434587e-27  3.27498816290867e-27  3.53262271111373e-27  3.72653901344721e-27   3.8724958836445e-27  3.98235466138252e-27  4.06504313661306e-27  4.12728107587263e-27  4.17412631122689e-27  4.20938577035277e-27  4.23592485054837e-27  4.25590027828014e-27  4.27093537784357e-27  0.0]
[ 0.1  1.06643547899406e-27  1.86915296641661e-27  2.47334214858944e-27  2.92810309945249e-27  3.27039244943097e-27  3.52802670515648e-27  3.72194278734654e-27  3.86789949184634e-27  3.97775814486722e-27  4.06044652622569e-27  4.12268439482965e-27  4.16952957700288e-27  4.20478899610047e-27  4.23132804616758e-27  4.25130345122225e-27  4.26633853371709e-27  0.0]
[0.11  1.06529493194221e-27  1.86715759419392e-27  2.47070336678746e-27  2.92498003630171e-27  3.26690487752504e-27  3.52426477489894e-27  3.71797435311881e-27  3.86377562626597e-27  3.97351728925822e-27  4.05611761459346e-27  4.11828920521358e-27  4.16508450129178e-27   4.2003063721368e-27   4.2268171603953e-27  4.24677129335947e-27  4.26179036478296e-27  0.0]
[0.12                   0.0                   0.0                   0.0                   0.0                   0.0                   0.0                   0.0                   0.0                   0.0                   0.0                   0.0                   0.0                   0.0                   0.0                   0.0                   0.0  0.0]