 Final Project, Porous Diffusion of metal into bone

 Distance
[ 0.0           0.002585079           0.002585079           0.002585079           0.002585079           0.002585079           0.002585079           0.002585079           0.002585079           0.002585079           0.002585079           0.002585079           0.002585079           0.002585079           0.002585079           0.002585079           0.002585079  0.0]
[0.01   6.36200327216074e-6   6.36200327216074e-6   6.36200327216074e-6   6.36200327216074e-6   6.36200327216074e-6   6.36200327216074e-6   6.36200327216074e-6   6.36200327216074e-6   6.36200327216074e-6   6.36200327216074e-6   6.36200327216074e-6   6.36200327216074e-6   6.36200327216074e-6   6.36200327216074e-6   6.36200327216074e-6   6.36200327216074e-6  0.0]
[0.02   1.56571948613501e-8   1.56571948613501e-8   1.56571948613501e-8   1.56571948613501e-8   1.56571948613501e-8   1.56571948613501e-8   1.56571948613501e-8   1.56571948613501e-8   1.56571948613501e-8   1.56571948613501e-8   1.56571948613501e-8   1.56571948613501e-8   1.56571948613501e-8   1.56571948613501e-8   1.56571948613501e-8   1.56571948613501e-8  0.0]
[0.03  3.85331067022611e-11  3.85331067022617e-11  3.85331067022618e-11  3.85331067022619e-11  3.85331067022619e-11  3.85331067022619e-11  3.85331067022619e-11  3.85331067022619e-11  3.85331067022619e-11  3.85331067022619e-11  3.85331067022619e-11  3.85331067022619e-11  3.85331067022619e-11  3.85331067022619e-11  3.85331067022619e-11  3.85331067022619e-11  0.0]
[0.04  9.48318217483108e-14  9.48318217489077e-14  9.48318217490391e-14   9.4831821749068e-14  9.48318217490743e-14  9.48318217490757e-14   9.4831821749076e-14  9.48318217490761e-14  9.48318217490761e-14  9.48318217490761e-14  9.48318217490761e-14  9.48318217490761e-14  9.48318217490761e-14  9.48318217490761e-14  9.48318217490761e-14  9.48318217490761e-14  0.0]
[0.05  2.33385659496325e-16  2.33385660093293e-16  2.33385660224615e-16  2.33385660253504e-16  2.33385660259859e-16  2.33385660261257e-16  2.33385660261564e-16  2.33385660261632e-16  2.33385660261647e-16   2.3338566026165e-16  2.33385660261651e-16  2.33385660261651e-16  2.33385660261651e-16  2.33385660261651e-16  2.33385660261651e-16  2.33385660261651e-16  0.0]
[0.06  5.74375996545264e-19  5.74376593513932e-19  5.74376724835967e-19  5.74376753724379e-19  5.74376760079294e-19  5.74376761477257e-19  5.74376761784783e-19  5.74376761852433e-19  5.74376761867315e-19  5.74376761870589e-19  5.74376761871309e-19  5.74376761871467e-19  5.74376761871502e-19   5.7437676187151e-19  5.74376761871511e-19  5.74376761871512e-19  0.0]
[0.07   1.4162736812673e-21  1.41687064993539e-21  1.41700197197011e-21  1.41703086038205e-21  1.41703721529687e-21  1.41703861326026e-21  1.41703892078628e-21   1.4170389884363e-21  1.41703900331805e-21  1.41703900659176e-21  1.41703900731191e-21  1.41703900747034e-21  1.41703900750519e-21  1.41703900751285e-21  1.41703900751454e-21   1.4170390075149e-21  0.0]
[0.08  6.19235234956867e-24  6.78932101764284e-24  6.92064305235138e-24  6.94953146429374e-24  6.95588637911368e-24  6.95728434250623e-24  6.95759186852399e-24  6.95765951854399e-24  6.95767440029364e-24  6.95767767400246e-24  6.95767839415763e-24  6.95767855257855e-24  6.95767858742818e-24  6.95767859509423e-24  6.95767859677878e-24  6.95767859714414e-24  0.0]
[0.09  2.72207460065308e-24   3.3190432598506e-24  3.45036529260643e-24  3.47925370411923e-24  3.48560861884469e-24  3.48700658221645e-24  3.48731410822963e-24  3.48738175824862e-24  3.48739663999805e-24  3.48739991370683e-24  3.48740063386199e-24   3.4874007922829e-24  3.48740082713253e-24  3.48740083479859e-24  3.48740083648313e-24   3.4874008368485e-24  0.0]
[ 0.1   2.7135176863631e-24  3.31048273872155e-24  3.44180397803968e-24   3.4706922150109e-24  3.47704709134045e-24  3.47844504626582e-24  3.47875257042095e-24  3.47882022003121e-24  3.47883510169073e-24  3.47883837537972e-24  3.47883909553053e-24  3.47883925395049e-24  3.47883928879991e-24  3.47883929646591e-24  3.47883929815045e-24  3.47883929851581e-24  0.0]
[0.11   2.7068350284947e-24   3.3023345192425e-24  3.43333336218877e-24  3.46215067793782e-24   3.4684899529139e-24  3.46988447583088e-24  3.47019124500782e-24  3.47025872853688e-24  3.47027357366161e-24  3.47027683931363e-24  3.47027755769645e-24  3.47027771572749e-24  3.47027775049135e-24  3.47027775813854e-24  3.47027775981894e-24   3.4702777601834e-24  0.0]
[0.12                   0.0                   0.0                   0.0                   0.0                   0.0                   0.0                   0.0                   0.0                   0.0                   0.0                   0.0                   0.0                   0.0                   0.0                   0.0                   0.0  0.0]