 Final Project, Porous Diffusion of metal into bone

 Distance
[ 0.0           0.002585079           0.002585079           0.002585079           0.002585079           0.002585079           0.002585079           0.002585079           0.002585079           0.002585079           0.002585079           0.002585079           0.002585079           0.002585079           0.002585079           0.002585079           0.002585079  0.0]
[0.01   5.05375575413513e-6   5.05375575413513e-6   5.05375575413513e-6   5.05375575413513e-6   5.05375575413513e-6   5.05375575413513e-6   5.05375575413513e-6   5.05375575413513e-6   5.05375575413513e-6   5.05375575413513e-6   5.05375575413513e-6   5.05375575413513e-6   5.05375575413513e-6   5.05375575413513e-6   5.05375575413513e-6   5.05375575413513e-6  0.0]
[0.02   9.87994843579401e-9   9.87994843579401e-9   9.87994843579401e-9   9.87994843579401e-9   9.87994843579401e-9   9.87994843579401e-9   9.87994843579401e-9   9.87994843579401e-9   9.87994843579401e-9   9.87994843579401e-9   9.87994843579401e-9   9.87994843579401e-9   9.87994843579401e-9   9.87994843579401e-9   9.87994843579401e-9   9.87994843579401e-9  0.0]
[0.03  1.93150175518633e-11  1.93150175518634e-11  1.93150175518635e-11  1.93150175518635e-11  1.93150175518635e-11  1.93150175518635e-11  1.93150175518635e-11  1.93150175518635e-11  1.93150175518635e-11  1.93150175518635e-11  1.93150175518635e-11  1.93150175518635e-11  1.93150175518635e-11  1.93150175518635e-11  1.93150175518635e-11  1.93150175518635e-11  0.0]
[0.04  3.77603087158365e-14  3.77603087159671e-14  3.77603087160173e-14  3.77603087160366e-14   3.7760308716044e-14  3.77603087160469e-14   3.7760308716048e-14  3.77603087160484e-14  3.77603087160486e-14  3.77603087160486e-14  3.77603087160487e-14  3.77603087160487e-14  3.77603087160487e-14  3.77603087160487e-14  3.77603087160487e-14  3.77603087160487e-14  0.0]
[0.05   7.3820327474042e-17  7.38203276045962e-17  7.38203276548106e-17  7.38203276741243e-17  7.38203276815528e-17    7.382032768441e-17  7.38203276855089e-17  7.38203276859316e-17  7.38203276860942e-17  7.38203276861567e-17  7.38203276861808e-17    7.382032768619e-17  7.38203276861936e-17   7.3820327686195e-17  7.38203276861955e-17  7.38203276861957e-17  0.0]
[0.06  1.44316974620628e-19  1.44317105174867e-19  1.44317155389238e-19  1.44317174702921e-19  1.44317182131438e-19  1.44317184988629e-19  1.44317186087575e-19  1.44317186510256e-19   1.4431718667283e-19   1.4431718673536e-19   1.4431718675941e-19  1.44317186768661e-19  1.44317186772219e-19  1.44317186773587e-19  1.44317186774113e-19  1.44317186774316e-19  0.0]
[0.07  2.82474319797736e-22     2.82604874036e-22  2.82655088407617e-22  2.82674402090194e-22  2.82681830607622e-22  2.82684687798163e-22  2.82685786743931e-22  2.82686209425507e-22  2.82686371999239e-22  2.82686434529095e-22  2.82686458579616e-22  2.82686467830038e-22  2.82686471387978e-22  2.82686472756449e-22  2.82686473282797e-22  2.82686473485243e-22  0.0]
[0.08  8.90977590664531e-25  1.02153182892666e-24  1.07174620054311e-24  1.09105988311979e-24  1.09848840054745e-24  1.10134559108864e-24  1.10244453685649e-24  1.10286721843243e-24  1.10302979216433e-24  1.10309232202087e-24  1.10311637254188e-24  1.10312562296389e-24  1.10312918090377e-24  1.10313054937495e-24  1.10313107572262e-24  1.10313127816889e-24  0.0]
[0.09  3.40490180999121e-25  4.71044418287675e-25  5.21258789529669e-25  5.40572471962324e-25  5.48000989334593e-25  5.50858179854474e-25  5.51957125614125e-25   5.5237980718691e-25  5.52542380917599e-25  5.52604910773672e-25   5.5262896129451e-25  5.52638211716451e-25  5.52641769656301e-25  5.52643138127472e-25  5.52643664475141e-25  5.52643866921402e-25  0.0]
[ 0.1  3.39412699149754e-25  4.69966438442975e-25  5.20180618143713e-25  5.39494226904889e-25  5.46922715941296e-25  5.49779895562507e-25  5.50878837130262e-25   5.5130151709074e-25  5.51464090201296e-25  5.51526619818851e-25  5.51550670247949e-25  5.51559920634605e-25  5.51563478560882e-25  5.51564847026833e-25  5.51565373372495e-25  5.51565575817984e-25  0.0]
[0.11  3.38748353443878e-25  4.69047360922042e-25   5.1916356450041e-25  5.38439489234751e-25  5.45853484067425e-25  5.48705088861329e-25  5.49801886213363e-25  5.50223741455728e-25   5.5038599735941e-25  5.50448404971398e-25  5.50472408474154e-25  5.50481640811784e-25  5.50485191795962e-25  5.50486557591811e-25  5.50487082910486e-25   5.5048728496097e-25  0.0]
[0.12                   0.0                   0.0                   0.0                   0.0                   0.0                   0.0                   0.0                   0.0                   0.0                   0.0                   0.0                   0.0                   0.0                   0.0                   0.0                   0.0  0.0]