 Final Project, Porous Diffusion of metal into bone

 Distance
[ 0.0           0.002585079           0.002585079           0.002585079           0.002585079           0.002585079           0.002585079           0.002585079           0.002585079           0.002585079           0.002585079           0.002585079           0.002585079           0.002585079           0.002585079           0.002585079           0.002585079  0.0]
[0.01   7.76442505837407e-6   7.76442505837407e-6   7.76442505837407e-6   7.76442505837407e-6   7.76442505837407e-6   7.76442505837407e-6   7.76442505837407e-6   7.76442505837407e-6   7.76442505837407e-6   7.76442505837407e-6   7.76442505837407e-6   7.76442505837407e-6   7.76442505837407e-6   7.76442505837407e-6   7.76442505837407e-6   7.76442505837407e-6  0.0]
[0.02   2.33208720070478e-8   2.33208720070478e-8   2.33208720070478e-8   2.33208720070478e-8   2.33208720070478e-8   2.33208720070478e-8   2.33208720070478e-8   2.33208720070478e-8   2.33208720070478e-8   2.33208720070478e-8   2.33208720070478e-8   2.33208720070478e-8   2.33208720070478e-8   2.33208720070478e-8   2.33208720070478e-8   2.33208720070478e-8  0.0]
[0.03  7.00455046034168e-11  7.00455046034184e-11  7.00455046034185e-11  7.00455046034186e-11  7.00455046034186e-11  7.00455046034186e-11  7.00455046034186e-11  7.00455046034186e-11  7.00455046034186e-11  7.00455046034186e-11  7.00455046034186e-11  7.00455046034186e-11  7.00455046034186e-11  7.00455046034186e-11  7.00455046034186e-11  7.00455046034186e-11  0.0]
[0.04  2.10385474180374e-13  2.10385474181981e-13   2.1038547418215e-13  2.10385474182167e-13  2.10385474182169e-13  2.10385474182169e-13  2.10385474182169e-13  2.10385474182169e-13  2.10385474182169e-13  2.10385474182169e-13  2.10385474182169e-13  2.10385474182169e-13  2.10385474182169e-13  2.10385474182169e-13  2.10385474182169e-13  2.10385474182169e-13  0.0]
[0.05  6.31904203757991e-16   6.3190420536493e-16   6.3190420553339e-16  6.31904205551051e-16  6.31904205552902e-16  6.31904205553096e-16  6.31904205553117e-16  6.31904205553119e-16  6.31904205553119e-16  6.31904205553119e-16  6.31904205553119e-16  6.31904205553119e-16  6.31904205553119e-16  6.31904205553119e-16  6.31904205553119e-16  6.31904205553119e-16  0.0]
[0.06  1.89797384785787e-18  1.89797545479645e-18  1.89797562325689e-18  1.89797564091713e-18  1.89797564276851e-18   1.8979756429626e-18  1.89797564298294e-18  1.89797564298508e-18   1.8979756429853e-18  1.89797564298532e-18  1.89797564298533e-18  1.89797564298533e-18  1.89797564298533e-18  1.89797564298533e-18  1.89797564298533e-18  1.89797564298533e-18  0.0]
[0.07  5.71594841030453e-21  5.71755534888417e-21   5.7177238093274e-21  5.71774146956738e-21  5.71774332094608e-21  5.71774351503195e-21  5.71774353537858e-21  5.71774353751158e-21  5.71774353773519e-21  5.71774353775864e-21  5.71774353776107e-21  5.71774353776122e-21  5.71774353776122e-21  5.71774353776122e-21  5.71774353776122e-21  5.71774353776122e-21  0.0]
[0.08  3.24491240621513e-23  3.40560626416586e-23  3.42245230848797e-23  3.42421833248494e-23  3.42440347035455e-23  3.42442287894179e-23  3.42442491360519e-23  3.42442512690535e-23  3.42442514926635e-23   3.4244251516106e-23  3.42442515185407e-23  3.42442515186892e-23  3.42442515186892e-23  3.42442515186892e-23  3.42442515186892e-23  3.42442515186892e-23  0.0]
[0.09  1.53784251211513e-23  1.69853636572465e-23  1.71538240959166e-23  1.71714843354092e-23  1.71733357140552e-23  1.71735297999224e-23  1.71735501465559e-23  1.71735522795574e-23  1.71735525031675e-23    1.717355252661e-23  1.71735525290446e-23  1.71735525291931e-23  1.71735525291931e-23  1.71735525291931e-23  1.71735525291931e-23  1.71735525291931e-23  0.0]
[ 0.1  1.53270144973222e-23  1.69339385799639e-23  1.71023975034328e-23  1.71200575840821e-23  1.71219089460761e-23  1.71221030301976e-23  1.71221233766481e-23  1.71221255096304e-23  1.71221257332384e-23  1.71221257566807e-23  1.71221257591153e-23  1.71221257592639e-23  1.71221257592639e-23  1.71221257592639e-23  1.71221257592639e-23  1.71221257592639e-23  0.0]
[0.11  1.52809633437325e-23  1.68830753528624e-23  1.70510298114768e-23  1.70686370074833e-23  1.70704828254132e-23  1.70706763283329e-23  1.70706966138542e-23  1.70706987404491e-23  1.70706989633876e-23  1.70706989867597e-23   1.7070698989187e-23  1.70706989893351e-23  1.70706989893351e-23  1.70706989893351e-23  1.70706989893351e-23  1.70706989893351e-23  0.0]
[0.12                   0.0                   0.0                   0.0                   0.0                   0.0                   0.0                   0.0                   0.0                   0.0                   0.0                   0.0                   0.0                   0.0                   0.0                   0.0                   0.0  0.0]