 Final Project, Porous Diffusion of metal into bone

 Distance
[ 0.0           0.002585079           0.002585079           0.002585079           0.002585079           0.002585079           0.002585079           0.002585079           0.002585079           0.002585079           0.002585079           0.002585079           0.002585079           0.002585079           0.002585079           0.002585079           0.002585079  0.0]
[0.01   1.38070437251225e-7   1.38070437251225e-7   1.38070437251225e-7   1.38070437251225e-7   1.38070437251225e-7   1.38070437251225e-7   1.38070437251225e-7   1.38070437251225e-7   1.38070437251225e-7   1.38070437251225e-7   1.38070437251225e-7   1.38070437251225e-7   1.38070437251225e-7   1.38070437251225e-7   1.38070437251225e-7   1.38070437251225e-7  0.0]
[0.02   7.3744151117797e-12   7.3744151117797e-12   7.3744151117797e-12   7.3744151117797e-12   7.3744151117797e-12   7.3744151117797e-12   7.3744151117797e-12   7.3744151117797e-12   7.3744151117797e-12   7.3744151117797e-12   7.3744151117797e-12   7.3744151117797e-12   7.3744151117797e-12   7.3744151117797e-12   7.3744151117797e-12   7.3744151117797e-12  0.0]
[0.03  3.93871413196835e-16  3.93871413196835e-16  3.93871413196835e-16  3.93871413196835e-16  3.93871413196835e-16  3.93871413196835e-16  3.93871413196835e-16  3.93871413196835e-16  3.93871413196835e-16  3.93871413196835e-16  3.93871413196835e-16  3.93871413196835e-16  3.93871413196835e-16  3.93871413196835e-16  3.93871413196835e-16  3.93871413196835e-16  0.0]
[0.04  2.10368805908233e-20  2.10368805908233e-20  2.10368805908233e-20  2.10368805908233e-20  2.10368805908233e-20  2.10368805908233e-20  2.10368805908233e-20  2.10368805908233e-20  2.10368805908233e-20  2.10368805908233e-20  2.10368805908233e-20  2.10368805908233e-20  2.10368805908233e-20  2.10368805908233e-20  2.10368805908233e-20  2.10368805908233e-20  0.0]
[0.05  1.12359092375002e-24  1.12359092375002e-24  1.12359092375002e-24  1.12359092375002e-24  1.12359092375002e-24  1.12359092375002e-24  1.12359092375002e-24  1.12359092375002e-24  1.12359092375002e-24  1.12359092375002e-24  1.12359092375002e-24  1.12359092375002e-24  1.12359092375002e-24  1.12359092375002e-24  1.12359092375002e-24  1.12359092375002e-24  0.0]
[0.06  6.00115857712618e-29  6.00115857713838e-29  6.00115857715056e-29  6.00115857716274e-29  6.00115857717491e-29  6.00115857718707e-29  6.00115857719923e-29  6.00115857721137e-29  6.00115857722351e-29  6.00115857723563e-29  6.00115857724775e-29  6.00115857725986e-29  6.00115857727196e-29  6.00115857728405e-29  6.00115857729614e-29  6.00115857730821e-29  0.0]
[0.07  3.20525067243579e-33  3.20525079439598e-33  3.20525091626921e-33  3.20525103805556e-33  3.20525115975509e-33  3.20525128136786e-33  3.20525140289392e-33  3.20525152433335e-33   3.2052516456862e-33  3.20525176695254e-33  3.20525188813242e-33  3.20525200922591e-33  3.20525213023308e-33  3.20525225115397e-33  3.20525237198866e-33   3.2052524927372e-33  0.0]
[0.08  1.71316170223374e-37  1.71438130406826e-37    1.715600036428e-37  1.71681789993283e-37  1.71803489520217e-37  1.71925102285499e-37  1.72046628350984e-37  1.72168067778482e-37  1.72289420629757e-37  1.72410686966532e-37  1.72531866850485e-37  1.72652960343248e-37  1.72773967506412e-37  1.72894888401523e-37  1.73015723090082e-37  1.73136471633548e-37  0.0]
[0.09  1.31185878810189e-40  2.53146062262131e-40  3.75019298236371e-40  4.96805648719242e-40  6.18505175652879e-40  7.40117940935262e-40  8.61644006420416e-40  9.83083433917737e-40  1.10443628519309e-39  1.22570262196812e-39   1.3468825059205e-39  1.46797599868389e-39  1.58898316184801e-39  1.70990405695874e-39    1.830738745518e-39  1.95148728898397e-39  0.0]
[ 0.1  1.22042797867891e-40  2.44002980971938e-40  3.65876216598531e-40  4.87662566734002e-40  6.09362093320488e-40  7.30974858255967e-40  8.52500923394463e-40  9.73940350545374e-40  1.09529320147456e-39  1.21655953790368e-39  1.33773942151038e-39  1.45883291392835e-39   1.5798400767473e-39   1.7007609715131e-39  1.82159565972768e-39  1.94234420284921e-39  0.0]
[0.11   1.2203579156098e-40   2.4398946105499e-40   3.6585618771521e-40   4.8763603352466e-40  6.09329060422168e-40  7.30935330302407e-40  8.52454905016099e-40  9.73887846369339e-40  1.09523421612469e-39  1.21649407600051e-39  1.33766748767116e-39  1.45875451276703e-39  1.57975521287454e-39  1.70066964953628e-39  1.82149788425089e-39  1.94223997847326e-39  0.0]
[0.12                   0.0                   0.0                   0.0                   0.0                   0.0                   0.0                   0.0                   0.0                   0.0                   0.0                   0.0                   0.0                   0.0                   0.0                   0.0                   0.0  0.0]