 Final Project, Porous Diffusion of metal into bone

 Distance
[ 0.0           0.002585079           0.002585079           0.002585079           0.002585079           0.002585079           0.002585079           0.002585079           0.002585079           0.002585079           0.002585079           0.002585079           0.002585079           0.002585079           0.002585079           0.002585079           0.002585079  0.0]
[0.01   3.58656298827037e-7   3.58656298827037e-7   3.58656298827037e-7   3.58656298827037e-7   3.58656298827037e-7   3.58656298827037e-7   3.58656298827037e-7   3.58656298827037e-7   3.58656298827037e-7   3.58656298827037e-7   3.58656298827037e-7   3.58656298827037e-7   3.58656298827037e-7   3.58656298827037e-7   3.58656298827037e-7   3.58656298827037e-7  0.0]
[0.02  4.97603132006059e-11  4.97603132006059e-11  4.97603132006059e-11  4.97603132006059e-11  4.97603132006059e-11  4.97603132006059e-11  4.97603132006059e-11  4.97603132006059e-11  4.97603132006059e-11  4.97603132006059e-11  4.97603132006059e-11  4.97603132006059e-11  4.97603132006059e-11  4.97603132006059e-11  4.97603132006059e-11  4.97603132006059e-11  0.0]
[0.03  6.90379278969946e-15  6.90379278969946e-15  6.90379278969946e-15  6.90379278969946e-15  6.90379278969946e-15  6.90379278969946e-15  6.90379278969946e-15  6.90379278969946e-15  6.90379278969946e-15  6.90379278969946e-15  6.90379278969946e-15  6.90379278969946e-15  6.90379278969946e-15  6.90379278969946e-15  6.90379278969946e-15  6.90379278969946e-15  0.0]
[0.04  9.57838723622139e-19  9.57838723622139e-19  9.57838723622139e-19  9.57838723622139e-19  9.57838723622139e-19  9.57838723622139e-19  9.57838723622139e-19  9.57838723622139e-19  9.57838723622139e-19  9.57838723622139e-19  9.57838723622139e-19  9.57838723622139e-19  9.57838723622139e-19  9.57838723622139e-19  9.57838723622139e-19  9.57838723622139e-19  0.0]
[0.05  1.32891447993479e-22  1.32891447993481e-22  1.32891447993482e-22  1.32891447993484e-22  1.32891447993486e-22  1.32891447993487e-22  1.32891447993489e-22  1.32891447993491e-22  1.32891447993492e-22  1.32891447993494e-22  1.32891447993495e-22  1.32891447993497e-22  1.32891447993499e-22    1.328914479935e-22  1.32891447993502e-22  1.32891447993503e-22  0.0]
[0.06  1.84374848457283e-26  1.84374848474239e-26  1.84374848491114e-26  1.84374848507908e-26  1.84374848524621e-26  1.84374848541253e-26  1.84374848557806e-26   1.8437484857428e-26  1.84374848590674e-26   1.8437484860699e-26  1.84374848623227e-26  1.84374848639387e-26  1.84374848655469e-26  1.84374848671473e-26  1.84374848687401e-26  1.84374848703253e-26  0.0]
[0.07  2.55803574207599e-30  2.55803743768561e-30  2.55803912515511e-30  2.55804080452357e-30  2.55804247582988e-30  2.55804413911275e-30   2.5580457944107e-30  2.55804744176205e-30  2.55804908120496e-30  2.55805071277739e-30  2.55805233651713e-30  2.55805395246177e-30  2.55805556064875e-30   2.5580571611153e-30  2.55805875389849e-30   2.5580603390352e-30  0.0]
[0.08  3.56607776041898e-34  3.58303385658559e-34  3.59990855158436e-34  3.61670223619805e-34   3.6334152993334e-34  3.65004812803011e-34  3.66660110746982e-34  3.68307462098504e-34  3.69946905006801e-34  3.71578477437953e-34  3.73202217175778e-34  3.74818161822702e-34  3.76426348800636e-34  3.78026815351839e-34  3.79619598539779e-34  3.81204735249996e-34  0.0]
[0.09  1.75296042691164e-36  3.44857004356804e-36  5.13603954344051e-36  6.81540800480518e-36  8.48671431833555e-36   1.0149997188002e-35   1.1805295131969e-35  1.34526464834868e-35  1.50920893917794e-35  1.67236618229271e-35  1.83474015607472e-35  1.99633462076672e-35   2.1571533185597e-35  2.31719997367956e-35  2.47647829247314e-35  2.63499196349436e-35  0.0]
[ 0.1  1.70372750228742e-36  3.39933708630948e-36  5.08680655370426e-36  6.76617498274717e-36  8.43748126411095e-36  1.01007641017653e-35  1.17560620138738e-35   1.3403413333686e-35  1.50428562104252e-35  1.66744286101711e-35    1.829816831674e-35   1.9914112932559e-35   2.1522299879537e-35  2.31227663999325e-35  2.47155495572129e-35  2.63006862369169e-35  0.0]
[0.11  1.70348432958988e-36  3.39885869576869e-36  5.08609407453104e-36  6.76522953873133e-36  8.43630397364731e-36  1.00993560778796e-35  1.17544243642485e-35  1.34015471606858e-35  1.50407626111229e-35  1.66721086763726e-35  1.82956231350098e-35  1.99113435842453e-35  2.15193074407969e-35  2.31195519417566e-35  2.47121141454505e-35  2.62970309323003e-35  0.0]
[0.12                   0.0                   0.0                   0.0                   0.0                   0.0                   0.0                   0.0                   0.0                   0.0                   0.0                   0.0                   0.0                   0.0                   0.0                   0.0                   0.0  0.0]