 Final Project, Porous Diffusion of metal into bone

 Distance
[ 0.0           0.002585079           0.002585079           0.002585079           0.002585079           0.002585079           0.002585079           0.002585079           0.002585079           0.002585079           0.002585079           0.002585079           0.002585079           0.002585079           0.002585079           0.002585079           0.002585079  0.0]
[0.01    3.4618018322777e-7    3.4618018322777e-7    3.4618018322777e-7    3.4618018322777e-7    3.4618018322777e-7    3.4618018322777e-7    3.4618018322777e-7    3.4618018322777e-7    3.4618018322777e-7    3.4618018322777e-7    3.4618018322777e-7    3.4618018322777e-7    3.4618018322777e-7    3.4618018322777e-7    3.4618018322777e-7    3.4618018322777e-7  0.0]
[0.02   4.6358629372492e-11   4.6358629372492e-11   4.6358629372492e-11   4.6358629372492e-11   4.6358629372492e-11   4.6358629372492e-11   4.6358629372492e-11   4.6358629372492e-11   4.6358629372492e-11   4.6358629372492e-11   4.6358629372492e-11   4.6358629372492e-11   4.6358629372492e-11   4.6358629372492e-11   4.6358629372492e-11   4.6358629372492e-11  0.0]
[0.03  6.20810381824212e-15  6.20810381824212e-15  6.20810381824212e-15  6.20810381824212e-15  6.20810381824212e-15  6.20810381824212e-15  6.20810381824212e-15  6.20810381824212e-15  6.20810381824212e-15  6.20810381824212e-15  6.20810381824212e-15  6.20810381824212e-15  6.20810381824212e-15  6.20810381824212e-15  6.20810381824212e-15  6.20810381824212e-15  0.0]
[0.04  8.31356611266454e-19  8.31356611266454e-19  8.31356611266454e-19  8.31356611266454e-19  8.31356611266454e-19  8.31356611266454e-19  8.31356611266454e-19  8.31356611266454e-19  8.31356611266454e-19  8.31356611266454e-19  8.31356611266454e-19  8.31356611266454e-19  8.31356611266454e-19  8.31356611266454e-19  8.31356611266454e-19  8.31356611266454e-19  0.0]
[0.05  1.11330904786988e-22  1.11330904786989e-22   1.1133090478699e-22  1.11330904786991e-22  1.11330904786993e-22  1.11330904786994e-22  1.11330904786995e-22  1.11330904786996e-22  1.11330904786997e-22  1.11330904786998e-22     1.11330904787e-22  1.11330904787001e-22  1.11330904787002e-22  1.11330904787003e-22  1.11330904787004e-22  1.11330904787005e-22  0.0]
[0.06  1.49088492155033e-26  1.49088492166939e-26  1.49088492178792e-26  1.49088492190592e-26   1.4908849220234e-26  1.49088492214034e-26  1.49088492225677e-26  1.49088492237267e-26  1.49088492248805e-26  1.49088492260292e-26  1.49088492271728e-26  1.49088492283112e-26  1.49088492294445e-26  1.49088492305728e-26   1.4908849231696e-26  1.49088492328142e-26  0.0]
[0.07   1.9965158682995e-30  1.99651705893143e-30  1.99651824423736e-30  1.99651942424111e-30  1.99652059896641e-30  1.99652176843686e-30  1.99652293267598e-30  1.99652409170715e-30  1.99652524555369e-30  1.99652639423877e-30  1.99652753778549e-30  1.99652867621684e-30  1.99652980955569e-30  1.99653093782484e-30  1.99653206104694e-30  1.99653317924459e-30  0.0]
[0.08  2.68558678005446e-34  2.69749309935935e-34  2.70934615866564e-34  2.72114619621885e-34  2.73289344919879e-34   2.7445881537243e-34  2.75623054485801e-34  2.76782085661103e-34   2.7793593219477e-34  2.79084617279025e-34  2.80228164002345e-34  2.81366595349927e-34   2.8249993420415e-34  2.83628203345034e-34  2.84751425450698e-34  2.85869623097814e-34  0.0]
[0.09  1.23173774067319e-36  2.42236967115992e-36  3.60767560178557e-36  4.78767935710379e-36  5.96240465509511e-36  7.13187510764373e-36  8.29611422101137e-36  9.45514539631095e-36  1.06089919299751e-35  1.17576770142271e-35  1.29012237375442e-35  1.40396550851235e-35   1.5172993939344e-35  1.63012630802253e-35  1.74244851858863e-35  1.85426828330003e-35  0.0]
[ 0.1  1.19593870141886e-36  2.38657061055665e-36  3.57187651992886e-36  4.75188025408873e-36  5.92660553101633e-36  7.09607596259547e-36  8.26031505508742e-36  9.41934620960469e-36  1.05731927225795e-35  1.17218777862347e-35  1.28654244890472e-35  1.40038558162135e-35  1.51371946501124e-35   1.6265463770763e-35  1.73886858562837e-35  1.85068834833476e-35  0.0]
[0.11  1.19577377630687e-36  2.38624626362769e-36  3.57139346431733e-36  4.75123919973898e-36  5.92580718469697e-36  7.09512102791352e-36  8.25920423250252e-36  9.41808019644312e-36  1.05717722130483e-35  1.17203034714354e-35  1.28636970569899e-35  1.40019759518308e-35  1.51351630352728e-35   1.6263281084285e-35  1.73863527739493e-35  1.85044006779156e-35  0.0]
[0.12                   0.0                   0.0                   0.0                   0.0                   0.0                   0.0                   0.0                   0.0                   0.0                   0.0                   0.0                   0.0                   0.0                   0.0                   0.0                   0.0  0.0]