 Final Project, Porous Diffusion of metal into bone

 Distance
[ 0.0           0.002585079           0.002585079           0.002585079           0.002585079           0.002585079           0.002585079           0.002585079           0.002585079           0.002585079           0.002585079           0.002585079           0.002585079           0.002585079           0.002585079           0.002585079           0.002585079  0.0]
[0.01   1.92951108790879e-7   1.92951108790879e-7   1.92951108790879e-7   1.92951108790879e-7   1.92951108790879e-7   1.92951108790879e-7   1.92951108790879e-7   1.92951108790879e-7   1.92951108790879e-7   1.92951108790879e-7   1.92951108790879e-7   1.92951108790879e-7   1.92951108790879e-7   1.92951108790879e-7   1.92951108790879e-7   1.92951108790879e-7  0.0]
[0.02  1.44019313853193e-11  1.44019313853193e-11  1.44019313853193e-11  1.44019313853193e-11  1.44019313853193e-11  1.44019313853193e-11  1.44019313853193e-11  1.44019313853193e-11  1.44019313853193e-11  1.44019313853193e-11  1.44019313853193e-11  1.44019313853193e-11  1.44019313853193e-11  1.44019313853193e-11  1.44019313853193e-11  1.44019313853193e-11  0.0]
[0.03  1.07496468368182e-15  1.07496468368182e-15  1.07496468368182e-15  1.07496468368182e-15  1.07496468368182e-15  1.07496468368182e-15  1.07496468368182e-15  1.07496468368182e-15  1.07496468368182e-15  1.07496468368182e-15  1.07496468368182e-15  1.07496468368182e-15  1.07496468368182e-15  1.07496468368182e-15  1.07496468368182e-15  1.07496468368182e-15  0.0]
[0.04  8.02357017435229e-20  8.02357017435229e-20  8.02357017435229e-20  8.02357017435229e-20  8.02357017435229e-20  8.02357017435229e-20  8.02357017435229e-20  8.02357017435229e-20  8.02357017435229e-20  8.02357017435229e-20  8.02357017435229e-20  8.02357017435229e-20  8.02357017435229e-20  8.02357017435229e-20  8.02357017435229e-20  8.02357017435229e-20  0.0]
[0.05  5.98881798816479e-24  5.98881798816479e-24  5.98881798816479e-24   5.9888179881648e-24   5.9888179881648e-24  5.98881798816481e-24  5.98881798816481e-24  5.98881798816481e-24  5.98881798816482e-24  5.98881798816482e-24  5.98881798816482e-24  5.98881798816483e-24  5.98881798816483e-24  5.98881798816483e-24  5.98881798816484e-24  5.98881798816484e-24  0.0]
[0.06  4.47007256324514e-28  4.47007256327975e-28  4.47007256331432e-28  4.47007256334884e-28   4.4700725633833e-28  4.47007256341773e-28   4.4700725634521e-28  4.47007256348642e-28   4.4700725635207e-28  4.47007256355493e-28  4.47007256358911e-28  4.47007256362325e-28  4.47007256365733e-28  4.47007256369137e-28  4.47007256372536e-28  4.47007256375931e-28  0.0]
[0.07  3.33647655273208e-32  3.33647689886361e-32  3.33647724451338e-32  3.33647758968207e-32  3.33647793437034e-32  3.33647827857887e-32  3.33647862230832e-32  3.33647896555936e-32  3.33647930833266e-32  3.33647965062887e-32  3.33647999244867e-32  3.33648033379272e-32  3.33648067466167e-32  3.33648101505619e-32  3.33648135497695e-32  3.33648169442459e-32  0.0]
[0.08  2.49382232426217e-36  2.49728363953431e-36  2.50074013726251e-36  2.50419182415194e-36  2.50763870689845e-36  2.51108079218856e-36  2.51451808669949e-36  2.51795059709916e-36  2.52137833004622e-36  2.52480129219004e-36  2.52821949017075e-36  2.53163293061923e-36  2.53504162015712e-36  2.53844556539686e-36  2.54184477294169e-36  2.54523924938563e-36  0.0]
[0.09  3.65188178761674e-39  7.11319705975841e-39  1.05696947879557e-38  1.40213816773859e-38  1.74682644238927e-38  2.09103497140006e-38  2.43476442249286e-38  2.77801546245994e-38  3.12078875716583e-38  3.46308497154812e-38  3.80490476961901e-38  4.14624881446638e-38  4.48711776825542e-38  4.82751229222952e-38  5.16743304671174e-38  5.50688069110619e-38  0.0]
[ 0.1  3.46601466407169e-39   6.9273299169312e-39  1.03838276258731e-38  1.38355144960749e-38  1.72823972233799e-38  2.07244824943127e-38  2.41617769860924e-38  2.75942873666415e-38  3.10220202946053e-38  3.44449824193597e-38  3.78631803810266e-38  4.12766208104849e-38  4.46853103293863e-38  4.80892555501647e-38  5.14884630760508e-38  5.48829395010855e-38  0.0]
[0.11  3.46574210784674e-39  6.92679902632896e-39  1.03830387604498e-38  1.38344680148861e-38  1.72810934849816e-38  2.07229218567619e-38  2.41599598069476e-38  2.75922140029637e-38  3.10196911029585e-38  3.44423977558115e-38  3.78603406011491e-38  4.12735262693552e-38  4.46819613815875e-38  4.80856525497863e-38  5.14846063766893e-38  5.48788294558456e-38  0.0]
[0.12                   0.0                   0.0                   0.0                   0.0                   0.0                   0.0                   0.0                   0.0                   0.0                   0.0                   0.0                   0.0                   0.0                   0.0                   0.0                   0.0  0.0]