 Final Project, Porous Diffusion of metal into bone

 Distance
[ 0.0           0.002585079           0.002585079           0.002585079           0.002585079           0.002585079           0.002585079           0.002585079           0.002585079           0.002585079           0.002585079           0.002585079           0.002585079           0.002585079           0.002585079           0.002585079           0.002585079  0.0]
[0.01   1.56037015110526e-6   1.56037015110526e-6   1.56037015110526e-6   1.56037015110526e-6   1.56037015110526e-6   1.56037015110526e-6   1.56037015110526e-6   1.56037015110526e-6   1.56037015110526e-6   1.56037015110526e-6   1.56037015110526e-6   1.56037015110526e-6   1.56037015110526e-6   1.56037015110526e-6   1.56037015110526e-6   1.56037015110526e-6  0.0]
[0.02  9.41849362615317e-10  9.41849362615317e-10  9.41849362615317e-10  9.41849362615317e-10  9.41849362615317e-10  9.41849362615317e-10  9.41849362615317e-10  9.41849362615317e-10  9.41849362615317e-10  9.41849362615317e-10  9.41849362615317e-10  9.41849362615317e-10  9.41849362615317e-10  9.41849362615317e-10  9.41849362615317e-10  9.41849362615317e-10  0.0]
[0.03  5.68506274764698e-13  5.68506274764698e-13  5.68506274764698e-13  5.68506274764698e-13  5.68506274764698e-13  5.68506274764698e-13  5.68506274764698e-13  5.68506274764698e-13  5.68506274764698e-13  5.68506274764698e-13  5.68506274764698e-13  5.68506274764698e-13  5.68506274764698e-13  5.68506274764698e-13  5.68506274764698e-13  5.68506274764698e-13  0.0]
[0.04  3.43154008778412e-16  3.43154008778416e-16  3.43154008778419e-16  3.43154008778422e-16  3.43154008778425e-16  3.43154008778427e-16   3.4315400877843e-16  3.43154008778432e-16  3.43154008778434e-16  3.43154008778435e-16  3.43154008778437e-16  3.43154008778438e-16   3.4315400877844e-16  3.43154008778441e-16  3.43154008778442e-16  3.43154008778443e-16  0.0]
[0.05  2.07129945560732e-19  2.07129945564352e-19  2.07129945567657e-19  2.07129945570675e-19   2.0712994557343e-19  2.07129945575945e-19  2.07129945578241e-19  2.07129945580337e-19  2.07129945582251e-19  2.07129945583998e-19  2.07129945585593e-19  2.07129945587049e-19  2.07129945588378e-19  2.07129945589592e-19    2.071299455907e-19  2.07129945591711e-19  0.0]
[0.06  1.25024958501531e-22  1.25024962122021e-22   1.2502496542731e-22  1.25024968444841e-22  1.25024971199665e-22  1.25024973714654e-22  1.25024976010688e-22  1.25024978106828e-22  1.25024980020479e-22  1.25024981767527e-22  1.25024983362476e-22  1.25024984818569e-22  1.25024986147895e-22  1.25024987361489e-22  1.25024988469427e-22  1.25024989480909e-22  0.0]
[0.07  7.54698245374971e-26  7.54734450273756e-26  7.54767503169842e-26  7.54797678476952e-26  7.54825226718316e-26  7.54850376606584e-26  7.54873336942654e-26  7.54894298349196e-26  7.54913434853248e-26  7.54930905331031e-26  7.54946854826987e-26   7.5496141575797e-26  7.54974709012609e-26  7.54986844954953e-26  7.54997924340746e-26  7.55008039153923e-26  0.0]
[0.08  4.95172558068048e-29  5.31377456852697e-29   5.6443035293919e-29  5.94605660048951e-29  6.22153901412897e-29  6.47303789680346e-29  6.70264125750758e-29  6.91225532293023e-29  7.10362036344284e-29  7.27832514127631e-29  7.43782010083661e-29  7.58342941067118e-29  7.71636195705976e-29  7.83772138050221e-29  7.94851523842784e-29  8.04966337019921e-29  0.0]
[0.09  3.99307791058225e-30  7.61356778825144e-30  1.09188573961743e-29  1.39363881064872e-29  1.66912122422763e-29  1.92062010684684e-29   2.1502234675005e-29  2.35983753287708e-29  2.55120257334763e-29   2.7259073511427e-29  2.88540231066794e-29  3.03101162047052e-29  3.16394416682988e-29  3.28530359024565e-29  3.39609744814693e-29  3.49724557989607e-29  0.0]
[ 0.1  3.96559778288014e-30  7.58608634225295e-30  1.08913747466505e-29   1.3908904358217e-29  1.66637274909169e-29  1.91787154013487e-29  2.14747481718513e-29  2.35708880623682e-29  2.54845377702734e-29  2.72315849120874e-29  2.88265339265852e-29  3.02826264944169e-29  3.16119514739751e-29  3.28255452662377e-29  3.39334834418269e-29  3.49449643910167e-29  0.0]
[0.11  3.96318899958135e-30  7.58149352649869e-30  1.08847880405603e-29  1.39004973501154e-29  1.66536586565086e-29  1.91671294194253e-29  2.14617771254518e-29   2.3556652535367e-29  2.54691478484987e-29  2.72151410972824e-29  2.88091279707996e-29  3.02643421617564e-29  3.15928652360327e-29  3.28057269369804e-29  3.39129967572096e-29  3.49238675381348e-29  0.0]
[0.12                   0.0                   0.0                   0.0                   0.0                   0.0                   0.0                   0.0                   0.0                   0.0                   0.0                   0.0                   0.0                   0.0                   0.0                   0.0                   0.0  0.0]