 Final Project, Porous Diffusion of metal into bone

 Distance
[ 0.0           0.002585079           0.002585079           0.002585079           0.002585079           0.002585079           0.002585079           0.002585079           0.002585079           0.002585079           0.002585079           0.002585079           0.002585079           0.002585079           0.002585079           0.002585079           0.002585079  0.0]
[0.01   1.10458709550797e-7   1.10458709550797e-7   1.10458709550797e-7   1.10458709550797e-7   1.10458709550797e-7   1.10458709550797e-7   1.10458709550797e-7   1.10458709550797e-7   1.10458709550797e-7   1.10458709550797e-7   1.10458709550797e-7   1.10458709550797e-7   1.10458709550797e-7   1.10458709550797e-7   1.10458709550797e-7   1.10458709550797e-7  0.0]
[0.02  4.71982733047123e-12  4.71982733047123e-12  4.71982733047123e-12  4.71982733047123e-12  4.71982733047123e-12  4.71982733047123e-12  4.71982733047123e-12  4.71982733047123e-12  4.71982733047123e-12  4.71982733047123e-12  4.71982733047123e-12  4.71982733047123e-12  4.71982733047123e-12  4.71982733047123e-12  4.71982733047123e-12  4.71982733047123e-12  0.0]
[0.03  2.01675088547171e-16  2.01675088547171e-16  2.01675088547171e-16  2.01675088547171e-16  2.01675088547171e-16  2.01675088547171e-16  2.01675088547171e-16  2.01675088547171e-16  2.01675088547171e-16  2.01675088547171e-16  2.01675088547171e-16  2.01675088547171e-16  2.01675088547171e-16  2.01675088547171e-16  2.01675088547171e-16  2.01675088547171e-16  0.0]
[0.04  8.61744265048116e-21  8.61744265048116e-21  8.61744265048116e-21  8.61744265048116e-21  8.61744265048116e-21  8.61744265048116e-21  8.61744265048116e-21  8.61744265048116e-21  8.61744265048116e-21  8.61744265048116e-21  8.61744265048116e-21  8.61744265048116e-21  8.61744265048116e-21  8.61744265048116e-21  8.61744265048116e-21  8.61744265048116e-21  0.0]
[0.05  3.68217603717389e-25   3.6821760371739e-25   3.6821760371739e-25   3.6821760371739e-25   3.6821760371739e-25   3.6821760371739e-25   3.6821760371739e-25   3.6821760371739e-25   3.6821760371739e-25   3.6821760371739e-25   3.6821760371739e-25   3.6821760371739e-25   3.6821760371739e-25   3.6821760371739e-25   3.6821760371739e-25   3.6821760371739e-25  0.0]
[0.06  1.57336937635342e-29  1.57336937635473e-29  1.57336937635604e-29  1.57336937635735e-29  1.57336937635866e-29  1.57336937635997e-29  1.57336937636128e-29  1.57336937636258e-29  1.57336937636389e-29   1.5733693763652e-29   1.5733693763665e-29   1.5733693763678e-29  1.57336937636911e-29  1.57336937637041e-29  1.57336937637171e-29  1.57336937637302e-29  0.0]
[0.07   6.7229030272302e-34  6.72290315826237e-34  6.72290328923475e-34  6.72290342014736e-34  6.72290355100023e-34  6.72290368179338e-34  6.72290381252685e-34  6.72290394320066e-34  6.72290407381484e-34  6.72290420436941e-34   6.7229043348644e-34  6.72290446529984e-34  6.72290459567576e-34  6.72290472599218e-34  6.72290485624914e-34  6.72290498644665e-34  0.0]
[0.08  2.87396264468388e-38  2.87527296642654e-38  2.87658269021057e-38  2.87789181630885e-38  2.87920034499413e-38  2.88050827653903e-38  2.88181561121606e-38  2.88312234929759e-38  2.88442849105588e-38  2.88573403676306e-38  2.88703898669113e-38  2.88834334111198e-38  2.88964710029735e-38  2.89095026451889e-38  2.89225283404809e-38  2.89355480915635e-38  0.0]
[0.09  1.43361403341237e-41  2.74393577607032e-41  4.05365956010082e-41  5.36278565837923e-41  6.67131434365628e-41  7.97924588855856e-41   9.2865805655879e-41  1.05933186471219e-40  1.18994604054138e-40  1.32050061125928e-40  1.45099560406637e-40  1.58143104615073e-40  1.71180696468802e-40  1.84212338684141e-40  1.97238033976197e-40  2.10257785058809e-40  0.0]
[ 0.1  1.31087277248393e-41  2.62119451274961e-41  3.93091829438892e-41  5.24004439027724e-41  6.54857307316528e-41  7.85650461567965e-41  9.16383929032216e-41  1.04705773694704e-40  1.17767191253777e-40  1.30822648301731e-40  1.43872147558616e-40  1.56915691743238e-40  1.69953283573164e-40   1.8298492576471e-40  1.96010621032986e-40  2.09030372091827e-40  0.0]
[0.11  1.31081151794946e-41  2.62107727142922e-41  3.93074509183189e-41  5.23981525202119e-41  6.54828802473619e-41  7.85616368259183e-41  9.16344249807831e-41  1.04701247435615e-40  1.17762106912833e-40  1.30817006133608e-40  1.43865947817876e-40  1.56908934684327e-40  1.69945969450412e-40  1.82977054832329e-40  1.96002193545073e-40  2.09021388302364e-40  0.0]
[0.12                   0.0                   0.0                   0.0                   0.0                   0.0                   0.0                   0.0                   0.0                   0.0                   0.0                   0.0                   0.0                   0.0                   0.0                   0.0                   0.0  0.0]