 Final Project, Porous Diffusion of metal into bone

 Distance
[ 0.0           0.002585079           0.002585079           0.002585079           0.002585079           0.002585079           0.002585079           0.002585079           0.002585079           0.002585079           0.002585079           0.002585079           0.002585079           0.002585079           0.002585079           0.002585079           0.002585079  0.0]
[0.01   3.19592645117024e-7   3.19592645117024e-7   3.19592645117024e-7   3.19592645117024e-7   3.19592645117024e-7   3.19592645117024e-7   3.19592645117024e-7   3.19592645117024e-7   3.19592645117024e-7   3.19592645117024e-7   3.19592645117024e-7   3.19592645117024e-7   3.19592645117024e-7   3.19592645117024e-7   3.19592645117024e-7   3.19592645117024e-7  0.0]
[0.02  3.95111556795348e-11  3.95111556795348e-11  3.95111556795348e-11  3.95111556795348e-11  3.95111556795348e-11  3.95111556795348e-11  3.95111556795348e-11  3.95111556795348e-11  3.95111556795348e-11  3.95111556795348e-11  3.95111556795348e-11  3.95111556795348e-11  3.95111556795348e-11  3.95111556795348e-11  3.95111556795348e-11  3.95111556795348e-11  0.0]
[0.03  4.88475391090681e-15  4.88475391090681e-15  4.88475391090681e-15  4.88475391090681e-15  4.88475391090681e-15  4.88475391090681e-15  4.88475391090681e-15  4.88475391090681e-15  4.88475391090681e-15  4.88475391090681e-15  4.88475391090681e-15  4.88475391090681e-15  4.88475391090681e-15  4.88475391090681e-15  4.88475391090681e-15  4.88475391090681e-15  0.0]
[0.04  6.03900856852899e-19  6.03900856852899e-19  6.03900856852899e-19  6.03900856852899e-19  6.03900856852899e-19  6.03900856852899e-19  6.03900856852899e-19  6.03900856852899e-19  6.03900856852899e-19  6.03900856852899e-19  6.03900856852899e-19  6.03900856852899e-19  6.03900856852899e-19  6.03900856852899e-19  6.03900856852899e-19  6.03900856852899e-19  0.0]
[0.05  7.46601060277294e-23  7.46601060277299e-23  7.46601060277304e-23   7.4660106027731e-23  7.46601060277315e-23   7.4660106027732e-23  7.46601060277326e-23  7.46601060277331e-23  7.46601060277336e-23  7.46601060277341e-23  7.46601060277346e-23  7.46601060277352e-23  7.46601060277357e-23  7.46601060277362e-23  7.46601060277367e-23  7.46601060277372e-23  0.0]
[0.06  9.23020951062237e-27  9.23020951115835e-27   9.2302095116923e-27   9.2302095122242e-27  9.23020951275408e-27  9.23020951328194e-27  9.23020951380778e-27  9.23020951433162e-27  9.23020951485346e-27  9.23020951537331e-27  9.23020951589118e-27  9.23020951640708e-27    9.230209516921e-27  9.23020951743297e-27  9.23020951794298e-27  9.23020951845105e-27  0.0]
[0.07  1.14112894156448e-30  1.14112947755181e-30  1.14113001149501e-30  1.14113054340186e-30  1.14113107328014e-30  1.14113160113756e-30  1.14113212698186e-30  1.14113265082069e-30  1.14113317266172e-30  1.14113369251255e-30  1.14113421038079e-30  1.14113472627398e-30  1.14113524019967e-30  1.14113575216535e-30  1.14113626217851e-30  1.14113677024658e-30  0.0]
[0.08  1.41615425792622e-34   1.4215141313167e-34  1.42685356329023e-34  1.43217263180602e-34  1.43747141452596e-34  1.44274998881576e-34  1.44800843174608e-34  1.45324682009364e-34  1.45846523034235e-34  1.46366373868443e-34  1.46884242102152e-34  1.47400135296579e-34  1.47914060984103e-34  1.48426026668377e-34  1.48936039824436e-34  1.49444107898808e-34  0.0]
[0.09  5.55459112429157e-37  1.09144645147695e-36  1.62538964882884e-36  2.15729650040644e-36   2.6871747723992e-36  3.21503220137828e-36  3.74087649440915e-36   4.2647153291644e-36  4.78655635403436e-36  5.30640718824163e-36  5.82427542194971e-36  6.34016861637551e-36  6.85409430389834e-36  7.36605998817145e-36  7.87607314422995e-36   8.3841412186012e-36  0.0]
[ 0.1  5.38019897176413e-37  1.07400722803302e-36  1.60795041722496e-36  2.13985726067373e-36  2.66973552456867e-36  3.19759294548082e-36  3.72343723047551e-36  4.24727605722523e-36   4.7691170741202e-36  5.28896790038288e-36  5.80683612617669e-36  6.32272931271838e-36  6.83665499238719e-36  7.34862066883622e-36  7.85863381710048e-36  8.36670188370722e-36  0.0]
[0.11  5.37951234665905e-37  1.07387230973823e-36  1.60774949583136e-36   2.1395905879031e-36  2.66940335118276e-36  3.19719552128505e-36   3.7229748043226e-36  4.24674887701881e-36  4.76852538681845e-36  5.28831195200215e-36  5.80611616179505e-36  6.32194557647926e-36  6.83580772750287e-36  7.34771011759146e-36  7.85766022085599e-36   8.3656654829032e-36  0.0]
[0.12                   0.0                   0.0                   0.0                   0.0                   0.0                   0.0                   0.0                   0.0                   0.0                   0.0                   0.0                   0.0                   0.0                   0.0                   0.0                   0.0  0.0]