 Final Project, Porous Diffusion of metal into bone

 Distance
[ 0.0           0.002585079           0.002585079           0.002585079           0.002585079           0.002585079           0.002585079           0.002585079           0.002585079           0.002585079           0.002585079           0.002585079           0.002585079           0.002585079           0.002585079           0.002585079           0.002585079  0.0]
[0.01   1.10373837871047e-6   1.10373837871047e-6   1.10373837871047e-6   1.10373837871047e-6   1.10373837871047e-6   1.10373837871047e-6   1.10373837871047e-6   1.10373837871047e-6   1.10373837871047e-6   1.10373837871047e-6   1.10373837871047e-6   1.10373837871047e-6   1.10373837871047e-6   1.10373837871047e-6   1.10373837871047e-6   1.10373837871047e-6  0.0]
[0.02  4.71257709585823e-10  4.71257709585823e-10  4.71257709585823e-10  4.71257709585823e-10  4.71257709585823e-10  4.71257709585823e-10  4.71257709585823e-10  4.71257709585823e-10  4.71257709585823e-10  4.71257709585823e-10  4.71257709585823e-10  4.71257709585823e-10  4.71257709585823e-10  4.71257709585823e-10  4.71257709585823e-10  4.71257709585823e-10  0.0]
[0.03  2.01210570482784e-13  2.01210570482784e-13  2.01210570482784e-13  2.01210570482784e-13  2.01210570482784e-13  2.01210570482784e-13  2.01210570482784e-13  2.01210570482784e-13  2.01210570482784e-13  2.01210570482784e-13  2.01210570482784e-13  2.01210570482784e-13  2.01210570482784e-13  2.01210570482784e-13  2.01210570482784e-13  2.01210570482784e-13  0.0]
[0.04    8.590988083694e-17  8.59098808369401e-17  8.59098808369403e-17  8.59098808369404e-17  8.59098808369405e-17  8.59098808369406e-17  8.59098808369407e-17  8.59098808369408e-17  8.59098808369409e-17  8.59098808369409e-17   8.5909880836941e-17  8.59098808369411e-17  8.59098808369412e-17  8.59098808369412e-17  8.59098808369413e-17  8.59098808369414e-17  0.0]
[0.05   3.6680516375129e-20  3.66805163752506e-20  3.66805163753667e-20  3.66805163754776e-20  3.66805163755836e-20  3.66805163756849e-20  3.66805163757817e-20  3.66805163758741e-20  3.66805163759625e-20  3.66805163760469e-20  3.66805163761275e-20  3.66805163762046e-20  3.66805163762782e-20  3.66805163763485e-20  3.66805163764157e-20  3.66805163764799e-20  0.0]
[0.06  1.56612985532782e-23   1.5661298674809e-23  1.56612987909254e-23  1.56612989018685e-23   1.5661299007869e-23  1.56612991091469e-23  1.56612992059127e-23  1.56612992983674e-23   1.5661299386703e-23  1.56612994711032e-23  1.56612995517431e-23  1.56612996287905e-23  1.56612997024052e-23  1.56612997727402e-23  1.56612998399416e-23  1.56612999041492e-23  0.0]
[0.07  6.68695422303337e-27  6.68707575382106e-27  6.68719187018416e-27  6.68730281334545e-27  6.68740881378078e-27  6.68751009169785e-27  6.68760685749373e-27  6.68769931219187e-27  6.68778764785976e-27  6.68787204800793e-27  6.68795268797116e-27  6.68802973527276e-27  6.68810334997252e-27  6.68817368499931e-27  6.68824088646872e-27  6.68830509398659e-27  0.0]
[0.08  2.98223390529742e-30  3.10376469297969e-30  3.21988105608009e-30  3.33082421737115e-30  3.43682465269837e-30  3.53810256977594e-30  3.63486836565125e-30  3.72732306378861e-30   3.8156587316798e-30  3.90005887984955e-30  3.98069884308443e-30  4.05774614467738e-30  4.13136084444433e-30  4.20169587123616e-30  4.26889734063659e-30  4.33310485850592e-30  0.0]
[0.09  1.28411485691687e-31    2.499422733645e-31  3.66058636455866e-31  4.77001797738292e-31  5.83002233057265e-31  6.84280150126951e-31  7.81045945994738e-31  8.73500644124897e-31  9.61836312009215e-31   1.0462364601724e-30  1.12687642340101e-30  1.20392372498797e-30  1.27753842474918e-30  1.34787345153555e-30  1.41507492093074e-30  1.47928243879508e-30  0.0]
[ 0.1  1.27192980088992e-31  2.48723745616297e-31  3.64840087548778e-31  4.75783228614988e-31  5.81783644618415e-31  6.83061543233099e-31  7.79827321468089e-31  8.72282002751025e-31  9.60617654538695e-31  1.04501778732237e-30  1.12565773585666e-30  1.20270502340395e-30  1.27631970975099e-30  1.34665472372081e-30  1.41385618087046e-30  1.47806368703482e-30  0.0]
[0.11  1.27138176494132e-31  2.48617074768385e-31  3.64683860231241e-31  4.75579652661515e-31  5.81534829499563e-31  6.82769504438552e-31  7.79493984693688e-31  8.71909207899247e-31   9.6020715954091e-31  1.04457127179081e-30  1.12517680457367e-30  1.20219120965583e-30  1.27577447851324e-30  1.34607947470154e-30  1.41325225141815e-30  1.47743235491656e-30  0.0]
[0.12                   0.0                   0.0                   0.0                   0.0                   0.0                   0.0                   0.0                   0.0                   0.0                   0.0                   0.0                   0.0                   0.0                   0.0                   0.0                   0.0  0.0]