 Final Project, Porous Diffusion of metal into bone

 Distance
[ 0.0           0.002585079           0.002585079           0.002585079           0.002585079           0.002585079           0.002585079           0.002585079           0.002585079           0.002585079           0.002585079           0.002585079           0.002585079           0.002585079           0.002585079           0.002585079           0.002585079  0.0]
[0.01   5.52104843350606e-7   5.52104843350606e-7   5.52104843350606e-7   5.52104843350606e-7   5.52104843350606e-7   5.52104843350606e-7   5.52104843350606e-7   5.52104843350606e-7   5.52104843350606e-7   5.52104843350606e-7   5.52104843350606e-7   5.52104843350606e-7   5.52104843350606e-7   5.52104843350606e-7   5.52104843350606e-7   5.52104843350606e-7  0.0]
[0.02    1.179150648979e-10    1.179150648979e-10    1.179150648979e-10    1.179150648979e-10    1.179150648979e-10    1.179150648979e-10    1.179150648979e-10    1.179150648979e-10    1.179150648979e-10    1.179150648979e-10    1.179150648979e-10    1.179150648979e-10    1.179150648979e-10    1.179150648979e-10    1.179150648979e-10    1.179150648979e-10  0.0]
[0.03   2.5183554713079e-14   2.5183554713079e-14   2.5183554713079e-14   2.5183554713079e-14   2.5183554713079e-14   2.5183554713079e-14   2.5183554713079e-14   2.5183554713079e-14   2.5183554713079e-14   2.5183554713079e-14   2.5183554713079e-14   2.5183554713079e-14   2.5183554713079e-14   2.5183554713079e-14   2.5183554713079e-14   2.5183554713079e-14  0.0]
[0.04  5.37854453572827e-18  5.37854453572827e-18  5.37854453572827e-18  5.37854453572827e-18  5.37854453572827e-18  5.37854453572827e-18  5.37854453572827e-18  5.37854453572827e-18  5.37854453572827e-18  5.37854453572827e-18  5.37854453572827e-18  5.37854453572827e-18  5.37854453572827e-18  5.37854453572827e-18  5.37854453572827e-18  5.37854453572827e-18  0.0]
[0.05   1.1487155666627e-21  1.14871556666283e-21  1.14871556666295e-21  1.14871556666307e-21  1.14871556666319e-21  1.14871556666331e-21  1.14871556666343e-21  1.14871556666355e-21  1.14871556666366e-21  1.14871556666378e-21  1.14871556666389e-21    1.148715566664e-21  1.14871556666411e-21  1.14871556666422e-21  1.14871556666433e-21  1.14871556666444e-21  0.0]
[0.06  2.45335414629357e-25  2.45335414754805e-25  2.45335414878831e-25  2.45335415001451e-25   2.4533541512268e-25  2.45335415242535e-25  2.45335415361031e-25  2.45335415478183e-25  2.45335415594007e-25  2.45335415708517e-25   2.4533541582173e-25  2.45335415933658e-25  2.45335416044317e-25  2.45335416153722e-25  2.45335416261886e-25  2.45335416368824e-25  0.0]
[0.07  5.23973149727005e-29   5.2397440421102e-29   5.2397564447087e-29  5.23976870667837e-29  5.23978082961376e-29  5.23979281509133e-29  5.23980466466966e-29  5.23981637988968e-29  5.23982796227482e-29  5.23983941333126e-29  5.23985073454808e-29  5.23986192739749e-29  5.23987299333501e-29  5.23988393379965e-29   5.2398947502141e-29  5.23990544398493e-29  0.0]
[0.08  1.13175424780011e-32  1.14429908795041e-32  1.15670168644652e-32  1.16896365611794e-32  1.18108659150684e-32  1.19307206907543e-32  1.20492164741094e-32  1.21663686742832e-32  1.22821925257061e-32  1.23967030900705e-32  1.25099152582894e-32   1.2621843752433e-32  1.27325031276427e-32  1.28419077740242e-32  1.29500719185189e-32  1.30570096267536e-32  0.0]
[0.09  1.29272059580098e-34  2.54720461081801e-34  3.78746446041691e-34  5.01366142754719e-34  6.22595496642556e-34  7.42450272327265e-34  8.60946055681226e-34  9.78098255853862e-34  1.09392210727562e-33  1.20843267163892e-33  1.32164483985677e-33  1.43357333399922e-33  1.54423270920782e-33  1.65363735558828e-33  1.76180150008193e-33  1.86873920831559e-33  0.0]
[ 0.1  1.26882533672103e-34   2.5233092945286e-34   3.7635690875667e-34  4.98976599877752e-34  6.20205948237049e-34  7.40060718455902e-34  8.58556496405984e-34  9.75708691236013e-34  1.09153253737574e-33  1.20604309651691e-33  1.31925525957183e-33  1.43118374860989e-33  1.54184311877199e-33  1.65124776016316e-33   1.7594118997241e-33  1.86634960308097e-33  0.0]
[0.11  1.26854930566475e-34   2.5227653959102e-34  3.76276035864491e-34  4.98869544237262e-34   6.2007300672548e-34  7.39902184584298e-34  8.58372660357367e-34  9.75499839903119e-34  1.09129895439833e-33  1.20578506231864e-33  1.31897305139673e-33  1.43087764055844e-33   1.5415133818367e-33  1.65089466226388e-33   1.7590357057428e-33  1.86595057489623e-33  0.0]
[0.12                   0.0                   0.0                   0.0                   0.0                   0.0                   0.0                   0.0                   0.0                   0.0                   0.0                   0.0                   0.0                   0.0                   0.0                   0.0                   0.0  0.0]