 Final Project, Porous Diffusion of metal into bone

 Distance
[ 0.0           0.002585079           0.002585079           0.002585079           0.002585079           0.002585079           0.002585079           0.002585079           0.002585079           0.002585079           0.002585079           0.002585079           0.002585079           0.002585079           0.002585079           0.002585079           0.002585079  0.0]
[0.01   7.80656071254313e-7   7.80656071254313e-7   7.80656071254313e-7   7.80656071254313e-7   7.80656071254313e-7   7.80656071254313e-7   7.80656071254313e-7   7.80656071254313e-7   7.80656071254313e-7   7.80656071254313e-7   7.80656071254313e-7   7.80656071254313e-7   7.80656071254313e-7   7.80656071254313e-7   7.80656071254313e-7   7.80656071254313e-7  0.0]
[0.02  2.35746722473943e-10  2.35746722473943e-10  2.35746722473943e-10  2.35746722473943e-10  2.35746722473943e-10  2.35746722473943e-10  2.35746722473943e-10  2.35746722473943e-10  2.35746722473943e-10  2.35746722473943e-10  2.35746722473943e-10  2.35746722473943e-10  2.35746722473943e-10  2.35746722473943e-10  2.35746722473943e-10  2.35746722473943e-10  0.0]
[0.03  7.11920642183815e-14  7.11920642183815e-14  7.11920642183815e-14  7.11920642183815e-14  7.11920642183815e-14  7.11920642183815e-14  7.11920642183815e-14  7.11920642183815e-14  7.11920642183815e-14  7.11920642183815e-14  7.11920642183815e-14  7.11920642183815e-14  7.11920642183815e-14  7.11920642183815e-14  7.11920642183815e-14  7.11920642183815e-14  0.0]
[0.04  2.14989627617595e-17  2.14989627617595e-17  2.14989627617595e-17  2.14989627617595e-17  2.14989627617595e-17  2.14989627617595e-17  2.14989627617595e-17  2.14989627617595e-17  2.14989627617595e-17  2.14989627617595e-17  2.14989627617595e-17  2.14989627617595e-17  2.14989627617595e-17  2.14989627617595e-17  2.14989627617596e-17  2.14989627617596e-17  0.0]
[0.05  6.49237249834468e-21  6.49237249834862e-21  6.49237249835247e-21  6.49237249835623e-21  6.49237249835991e-21  6.49237249836351e-21  6.49237249836702e-21  6.49237249837046e-21  6.49237249837382e-21   6.4923724983771e-21  6.49237249838031e-21  6.49237249838345e-21  6.49237249838651e-21  6.49237249838951e-21  6.49237249839244e-21   6.4923724983953e-21  0.0]
[0.06  1.96060159789788e-24  1.96060160183729e-24   1.9606016056879e-24  1.96060160945171e-24  1.96060161313069e-24  1.96060161672673e-24  1.96060162024172e-24  1.96060162367748e-24  1.96060162703579e-24   1.9606016303184e-24  1.96060163352702e-24  1.96060163666332e-24  1.96060163972892e-24  1.96060164272542e-24  1.96060164565437e-24  1.96060164851731e-24  0.0]
[0.07  5.92077052834182e-28  5.92080992241253e-28  5.92084842850664e-28  5.92088606663992e-28  5.92092285637695e-28  5.92095881684132e-28  5.92099396672557e-28  5.92102832430087e-28  5.92106190742656e-28   5.9210947335594e-28  5.92112681976267e-28  5.92115818271502e-28  5.92118883871916e-28  5.92121880371032e-28  5.92124809326453e-28  5.92127672260673e-28  0.0]
[0.08  1.82827487898575e-31  1.86766894969683e-31  1.90617504380799e-31  1.94381317708371e-31  1.98060291411576e-31  2.01656337849301e-31  2.05171326274201e-31   2.0860708380435e-31  2.11965396372991e-31  2.15248009656882e-31  2.18456629983708e-31  2.21592925219045e-31  2.24658525633332e-31   2.2765502474929e-31  2.30583980170251e-31  2.33446914389821e-31  0.0]
[0.09  4.08408370967708e-33  8.02349078067721e-33  1.18741001916864e-32   1.5637913519155e-32  1.93168872222587e-32   2.2912933659885e-32  2.64279220846885e-32  2.98636796147425e-32  3.32219921832908e-32   3.6504605467092e-32  3.97132257938292e-32  4.28495210290804e-32  4.59151214432824e-32  4.89116205591583e-32  5.18405759800387e-32    5.470351019953e-32  0.0]
[ 0.1  4.03010544693826e-33   7.9695121587919e-33  1.18201212187501e-32  1.55839342030807e-32   1.9262907570781e-32  2.28589536805642e-32  2.63739417849145e-32  2.98096990017385e-32  3.31680112641174e-32  3.64506242486504e-32  3.96592442828653e-32  4.27955392321879e-32  4.58611393669063e-32  4.88576382095983e-32  5.17865933634528e-32  5.46495273219371e-32  0.0]
[0.11   4.0288724906119e-33  7.96708991825991e-33  1.18165365015124e-32  1.55792132123727e-32  1.92570759191946e-32  2.28520364033611e-32  2.63659633530397e-32   2.9800683334541e-32  3.31579817417829e-32  3.64396037243552e-32   3.9647255094655e-32  4.27826032145892e-32  4.58472778622768e-32  4.88428720792202e-32  5.17709429983769e-32  5.46330126535821e-32  0.0]
[0.12                   0.0                   0.0                   0.0                   0.0                   0.0                   0.0                   0.0                   0.0                   0.0                   0.0                   0.0                   0.0                   0.0                   0.0                   0.0                   0.0  0.0]