 Final Project, Porous Diffusion of metal into bone

 Distance
[ 0.0           0.002585079           0.002585079           0.002585079           0.002585079           0.002585079           0.002585079           0.002585079           0.002585079           0.002585079           0.002585079           0.002585079           0.002585079           0.002585079           0.002585079           0.002585079           0.002585079  0.0]
[0.01   6.92508733937273e-8   6.92508733937273e-8   6.92508733937273e-8   6.92508733937273e-8   6.92508733937273e-8   6.92508733937273e-8   6.92508733937273e-8   6.92508733937273e-8   6.92508733937273e-8   6.92508733937273e-8   6.92508733937273e-8   6.92508733937273e-8   6.92508733937273e-8   6.92508733937273e-8   6.92508733937273e-8   6.92508733937273e-8  0.0]
[0.02  1.85514000376547e-12  1.85514000376547e-12  1.85514000376547e-12  1.85514000376547e-12  1.85514000376547e-12  1.85514000376547e-12  1.85514000376547e-12  1.85514000376547e-12  1.85514000376547e-12  1.85514000376547e-12  1.85514000376547e-12  1.85514000376547e-12  1.85514000376547e-12  1.85514000376547e-12  1.85514000376547e-12  1.85514000376547e-12  0.0]
[0.03  4.96967657577975e-17  4.96967657577975e-17  4.96967657577975e-17  4.96967657577975e-17  4.96967657577975e-17  4.96967657577975e-17  4.96967657577975e-17  4.96967657577975e-17  4.96967657577975e-17  4.96967657577975e-17  4.96967657577975e-17  4.96967657577975e-17  4.96967657577975e-17  4.96967657577975e-17  4.96967657577975e-17  4.96967657577975e-17  0.0]
[0.04  1.33131112572225e-21  1.33131112572225e-21  1.33131112572225e-21  1.33131112572225e-21  1.33131112572225e-21  1.33131112572225e-21  1.33131112572225e-21  1.33131112572225e-21  1.33131112572225e-21  1.33131112572225e-21  1.33131112572225e-21  1.33131112572225e-21  1.33131112572225e-21  1.33131112572225e-21  1.33131112572225e-21  1.33131112572225e-21  0.0]
[0.05   3.5664077660703e-26   3.5664077660703e-26   3.5664077660703e-26   3.5664077660703e-26   3.5664077660703e-26   3.5664077660703e-26   3.5664077660703e-26   3.5664077660703e-26   3.5664077660703e-26   3.5664077660703e-26   3.5664077660703e-26   3.5664077660703e-26   3.5664077660703e-26   3.5664077660703e-26   3.5664077660703e-26   3.5664077660703e-26  0.0]
[0.06  9.55393830047637e-31   9.5539383004776e-31  9.55393830047883e-31  9.55393830048006e-31  9.55393830048129e-31  9.55393830048252e-31  9.55393830048375e-31  9.55393830048498e-31  9.55393830048621e-31  9.55393830048743e-31  9.55393830048866e-31  9.55393830048989e-31  9.55393830049112e-31  9.55393830049234e-31  9.55393830049357e-31   9.5539383004948e-31  0.0]
[0.07  2.55937468385721e-35  2.55937469615455e-35  2.55937470844969e-35  2.55937472074262e-35  2.55937473303335e-35  2.55937474532187e-35  2.55937475760818e-35   2.5593747698923e-35  2.55937478217421e-35  2.55937479445391e-35  2.55937480673142e-35  2.55937481900672e-35  2.55937483127982e-35  2.55937484355072e-35  2.55937485581941e-35  2.55937486808591e-35  0.0]
[0.08  6.85745872308887e-40  6.85868845746356e-40  6.85991797123331e-40   6.8611472644377e-40  6.86237633711628e-40  6.86360518930863e-40   6.8648338210543e-40  6.86606223239282e-40  6.86729042336375e-40  6.86851839400661e-40  6.86974614436093e-40  6.87097367446623e-40  6.87220098436201e-40  6.87342807408779e-40  6.87465494368305e-40  6.87588159318729e-40  0.0]
[0.09  1.41357519018722e-43  2.64330956488028e-43  3.87282333463207e-43  5.10211653901742e-43  6.33118921760409e-43  7.56004140995249e-43  8.78867315561658e-43  1.00170844941426e-42  1.12452754650699e-42  1.24732461079309e-42  1.37009964622506e-42   1.4928526567547e-42  1.61558364633312e-42  1.73829261891071e-42  1.86097957843717e-42  1.98364452886143e-42  0.0]
[ 0.1  1.22991073861712e-43   2.4596451124277e-43  3.68915888129718e-43  4.91845208480037e-43  6.14752476250504e-43   7.3763769539716e-43    8.605008698754e-43  9.83342003639852e-43  1.10616110064445e-42  1.22895816484242e-42  1.35173320018629e-42  1.47448621062784e-42  1.59721720011818e-42  1.71992617260772e-42  1.84261313204613e-42  1.96527808238237e-42  0.0]
[0.11  1.22987287193935e-43  2.45957430366258e-43  3.68905513635426e-43  4.91831540958817e-43  6.14735516293098e-43  7.37617443594207e-43  8.60477326817431e-43  9.83315169917294e-43  1.10613097684762e-42  1.22892475156154e-42  1.35169649801145e-42  1.47444622014906e-42  1.59717392192536e-42  1.71987960729064e-42  1.84256328019448e-42  1.96522494458572e-42  0.0]
[0.12                   0.0                   0.0                   0.0                   0.0                   0.0                   0.0                   0.0                   0.0                   0.0                   0.0                   0.0                   0.0                   0.0                   0.0                   0.0                   0.0  0.0]