 Final Project, Porous Diffusion of metal into bone

 Distance
[ 0.0           0.002585079           0.002585079           0.002585079           0.002585079           0.002585079           0.002585079           0.002585079           0.002585079           0.002585079           0.002585079           0.002585079           0.002585079           0.002585079           0.002585079           0.002585079           0.002585079  0.0]
[0.01   6.92175018804974e-7   6.92175018804974e-7   6.92175018804974e-7   6.92175018804974e-7   6.92175018804974e-7   6.92175018804974e-7   6.92175018804974e-7   6.92175018804974e-7   6.92175018804974e-7   6.92175018804974e-7   6.92175018804974e-7   6.92175018804974e-7   6.92175018804974e-7   6.92175018804974e-7   6.92175018804974e-7   6.92175018804974e-7  0.0]
[0.02  1.85335247649169e-10  1.85335247649169e-10  1.85335247649169e-10  1.85335247649169e-10  1.85335247649169e-10  1.85335247649169e-10  1.85335247649169e-10  1.85335247649169e-10  1.85335247649169e-10  1.85335247649169e-10  1.85335247649169e-10  1.85335247649169e-10  1.85335247649169e-10  1.85335247649169e-10  1.85335247649169e-10  1.85335247649169e-10  0.0]
[0.03  4.96249547989783e-14  4.96249547989783e-14  4.96249547989783e-14  4.96249547989783e-14  4.96249547989783e-14  4.96249547989783e-14  4.96249547989783e-14  4.96249547989783e-14  4.96249547989783e-14  4.96249547989783e-14  4.96249547989783e-14  4.96249547989783e-14  4.96249547989783e-14  4.96249547989783e-14  4.96249547989783e-14  4.96249547989783e-14  0.0]
[0.04  1.32874678186542e-17  1.32874678186542e-17  1.32874678186542e-17  1.32874678186542e-17  1.32874678186542e-17  1.32874678186542e-17  1.32874678186542e-17  1.32874678186542e-17  1.32874678186542e-17  1.32874678186542e-17  1.32874678186542e-17  1.32874678186542e-17  1.32874678186542e-17  1.32874678186542e-17  1.32874678186542e-17  1.32874678186542e-17  0.0]
[0.05  3.55782290879721e-21   3.5578229087984e-21  3.55782290879957e-21  3.55782290880072e-21  3.55782290880185e-21  3.55782290880296e-21  3.55782290880405e-21  3.55782290880512e-21  3.55782290880617e-21   3.5578229088072e-21  3.55782290880822e-21  3.55782290880921e-21  3.55782290881019e-21  3.55782290881115e-21   3.5578229088121e-21  3.55782290881303e-21  0.0]
[0.06  9.52634771292037e-25  9.52634772483731e-25  9.52634773654256e-25  9.52634774803988e-25  9.52634775933297e-25  9.52634777042544e-25  9.52634778132088e-25  9.52634779202276e-25  9.52634780253454e-25  9.52634781285959e-25  9.52634782300122e-25   9.5263478329627e-25  9.52634784274723e-25  9.52634785235794e-25  9.52634786179793e-25  9.52634787107023e-25  0.0]
[0.07  2.55076586094562e-28   2.5507777778894e-28  2.55078948314191e-28  2.55080098046362e-28  2.55081227354818e-28  2.55082336602364e-28  2.55083426145359e-28  2.55084496333834e-28  2.55085547511599e-28   2.5508658001636e-28   2.5508759417982e-28  2.55088590327793e-28  2.55089568780304e-28  2.55090529851694e-28  2.55091473850717e-28  2.55092401080647e-28  0.0]
[0.08  6.95116134491067e-32  7.07033078270321e-32  7.18738330782934e-32  7.30235652489072e-32  7.41528737048501e-32  7.52621212507231e-32  7.63516642463057e-32  7.74218527210427e-32  7.84730304864938e-32  7.95055352467891e-32  8.05196987071196e-32  8.15158466803016e-32  8.24942991914502e-32  8.34553705807893e-32  8.43993696046356e-32  8.53265995345961e-32  0.0]
[0.09  1.23148484397474e-33   2.4231792218773e-33  3.59370447311616e-33  4.74343664370793e-33  5.87274509962915e-33  6.98199264548082e-33  8.07153564104248e-33  9.14172411575896e-33  1.01929018811899e-32  1.12254066414654e-32  1.22395701017764e-32  1.32357180749393e-32  1.42141705860692e-32  1.51752419753898e-32   1.6119240999218e-32  1.70464709291606e-32  0.0]
[ 0.1  1.21320222124348e-33  2.40489651373129e-33  3.57542168107271e-33  4.72515376925737e-33  5.85446214423536e-33  6.96370961058167e-33  8.05325252805028e-33  9.12344092606096e-33  1.01746186161487e-32  1.12071233024194e-32  1.22212866900402e-32  1.32174345918041e-32  1.41958870328033e-32  1.51569583532392e-32  1.61009573094061e-32  1.70281871728896e-32  0.0]
[0.11  1.21287257117013e-33  2.40424786362949e-33  3.57445969762355e-33  4.72388401847967e-33  5.85289009327377e-33  6.96184062946311e-33  8.05109189140912e-33  9.12099381483351e-33  1.01718901192377e-32  1.12041184183289e-32  1.22180103284814e-32  1.32138915752727e-32  1.41920820981286e-32  1.51528961531059e-32  1.60966424138494e-32  1.70236240707628e-32  0.0]
[0.12                   0.0                   0.0                   0.0                   0.0                   0.0                   0.0                   0.0                   0.0                   0.0                   0.0                   0.0                   0.0                   0.0                   0.0                   0.0                   0.0  0.0]