 Final Project, Porous Diffusion of metal into bone

 Distance
[ 0.0           0.002585079           0.002585079           0.002585079           0.002585079           0.002585079           0.002585079           0.002585079           0.002585079           0.002585079           0.002585079           0.002585079           0.002585079           0.002585079           0.002585079           0.002585079           0.002585079  0.0]
[0.01   3.57763522811914e-6   3.57763522811914e-6   3.57763522811914e-6   3.57763522811914e-6   3.57763522811914e-6   3.57763522811914e-6   3.57763522811914e-6   3.57763522811914e-6   3.57763522811914e-6   3.57763522811914e-6   3.57763522811914e-6   3.57763522811914e-6   3.57763522811914e-6   3.57763522811914e-6   3.57763522811914e-6   3.57763522811914e-6  0.0]
[0.02    4.9512892354466e-9    4.9512892354466e-9    4.9512892354466e-9    4.9512892354466e-9    4.9512892354466e-9    4.9512892354466e-9    4.9512892354466e-9    4.9512892354466e-9    4.9512892354466e-9    4.9512892354466e-9    4.9512892354466e-9    4.9512892354466e-9    4.9512892354466e-9    4.9512892354466e-9    4.9512892354466e-9    4.9512892354466e-9  0.0]
[0.03  6.85236574717479e-12   6.8523657471748e-12  6.85236574717481e-12  6.85236574717481e-12  6.85236574717481e-12  6.85236574717481e-12  6.85236574717481e-12  6.85236574717481e-12  6.85236574717481e-12  6.85236574717481e-12  6.85236574717481e-12  6.85236574717481e-12  6.85236574717481e-12  6.85236574717481e-12  6.85236574717481e-12  6.85236574717481e-12  0.0]
[0.04  9.48337172406863e-15  9.48337172407683e-15  9.48337172408191e-15  9.48337172408506e-15  9.48337172408701e-15  9.48337172408822e-15  9.48337172408897e-15  9.48337172408943e-15  9.48337172408972e-15   9.4833717240899e-15  9.48337172409001e-15  9.48337172409007e-15  9.48337172409012e-15  9.48337172409014e-15  9.48337172409016e-15  9.48337172409017e-15  0.0]
[0.05  1.31245678741532e-17   1.3124567882354e-17  1.31245678874344e-17  1.31245678905817e-17  1.31245678925315e-17  1.31245678937394e-17  1.31245678944877e-17  1.31245678949513e-17  1.31245678952384e-17  1.31245678954164e-17  1.31245678955266e-17  1.31245678955949e-17  1.31245678956372e-17  1.31245678956634e-17  1.31245678956796e-17  1.31245678956896e-17  0.0]
[0.06  1.81638358253753e-20  1.81638440261358e-20  1.81638491065417e-20  1.81638522538746e-20  1.81638542036607e-20  1.81638554115615e-20  1.81638561598611e-20  1.81638566234359e-20  1.81638569106224e-20  1.81638570885357e-20  1.81638571987537e-20  1.81638572670343e-20  1.81638573093344e-20  1.81638573355394e-20  1.81638573517736e-20  1.81638573618307e-20  0.0]
[0.07  2.51511656474408e-23  2.51593664079853e-23  2.51644468138681e-23  2.51675941468252e-23  2.51695439329192e-23  2.51707518336607e-23  2.51715001332848e-23  2.51719637080705e-23  2.51722508946133e-23  2.51724288078926e-23  2.51725390259225e-23  2.51726073064587e-23  2.51726496065401e-23  2.51726758116196e-23  2.51726920457773e-23  2.51727021029067e-23  0.0]
[0.08  4.80267374166009e-26  5.62274979610335e-26  6.13079038438447e-26  6.44552368008617e-26  6.64050228948902e-26  6.76129236363706e-26  6.83612232604868e-26  6.88247980462478e-26  6.91119845890004e-26   6.9289897868306e-26  6.94001158981973e-26  6.94683964344262e-26  6.95106965157499e-26  6.95369015952455e-26  6.95531357529568e-26  6.95631928824009e-26  0.0]
[0.09  1.32851012068569e-26  2.14858617295814e-26  2.65662675989443e-26    2.971360054763e-26  3.16633866364974e-26  3.28712873747803e-26  3.36195869969157e-26  3.40831617814496e-26   3.4370348323442e-26  3.45482616022766e-26  3.46584796318762e-26  3.47267601679244e-26   3.4769060249136e-26  3.47952653285623e-26  3.48114994862307e-26  3.48215566156481e-26  0.0]
[ 0.1  1.32369949979804e-26   2.1437739835189e-26  2.65181359873085e-26  2.96654629161207e-26  3.16152452756509e-26  3.28231437035938e-26  3.35714418944636e-26  3.40350157923225e-26   3.4322201785016e-26  3.45001147235576e-26  3.46103325423441e-26  3.46786129477928e-26  3.47209129480975e-26  3.47471179774016e-26   3.4763352104019e-26  3.47734092142003e-26  0.0]
[0.11  1.32186345064978e-26  2.14080455386783e-26  2.64814203505907e-26  2.96243975294133e-26  3.15714852004062e-26  3.27777142573897e-26  3.35249782658814e-26  3.39879114833779e-26  3.42747005718739e-26  3.44523676265845e-26  3.45624331192966e-26  3.46306191580971e-26  3.46728606978637e-26  3.46990295106169e-26  3.47152412009277e-26   3.4725284411722e-26  0.0]
[0.12                   0.0                   0.0                   0.0                   0.0                   0.0                   0.0                   0.0                   0.0                   0.0                   0.0                   0.0                   0.0                   0.0                   0.0                   0.0                   0.0  0.0]