 Final Project, Porous Diffusion of metal into bone

 Distance
[ 0.0           0.002585079           0.002585079           0.002585079           0.002585079           0.002585079           0.002585079           0.002585079           0.002585079           0.002585079           0.002585079           0.002585079           0.002585079           0.002585079           0.002585079           0.002585079           0.002585079  0.0]
[0.01   3.72722502424145e-7   3.72722502424145e-7   3.72722502424145e-7   3.72722502424145e-7   3.72722502424145e-7   3.72722502424145e-7   3.72722502424145e-7   3.72722502424145e-7   3.72722502424145e-7   3.72722502424145e-7   3.72722502424145e-7   3.72722502424145e-7   3.72722502424145e-7   3.72722502424145e-7   3.72722502424145e-7   3.72722502424145e-7  0.0]
[0.02  5.37399684161749e-11  5.37399684161749e-11  5.37399684161749e-11  5.37399684161749e-11  5.37399684161749e-11  5.37399684161749e-11  5.37399684161749e-11  5.37399684161749e-11  5.37399684161749e-11  5.37399684161749e-11  5.37399684161749e-11  5.37399684161749e-11  5.37399684161749e-11  5.37399684161749e-11  5.37399684161749e-11  5.37399684161749e-11  0.0]
[0.03  7.74834947337055e-15  7.74834947337055e-15  7.74834947337055e-15  7.74834947337055e-15  7.74834947337055e-15  7.74834947337055e-15  7.74834947337055e-15  7.74834947337055e-15  7.74834947337055e-15  7.74834947337055e-15  7.74834947337055e-15  7.74834947337055e-15  7.74834947337055e-15  7.74834947337055e-15  7.74834947337055e-15  7.74834947337055e-15  0.0]
[0.04  1.11717444819732e-18  1.11717444819732e-18  1.11717444819732e-18  1.11717444819732e-18  1.11717444819732e-18  1.11717444819732e-18  1.11717444819732e-18  1.11717444819732e-18  1.11717444819732e-18  1.11717444819732e-18  1.11717444819732e-18  1.11717444819732e-18  1.11717444819732e-18  1.11717444819732e-18  1.11717444819732e-18  1.11717444819732e-18  0.0]
[0.05  1.61076723758317e-22  1.61076723758319e-22  1.61076723758322e-22  1.61076723758324e-22  1.61076723758327e-22  1.61076723758329e-22  1.61076723758331e-22  1.61076723758334e-22  1.61076723758336e-22  1.61076723758339e-22  1.61076723758341e-22  1.61076723758343e-22  1.61076723758346e-22  1.61076723758348e-22   1.6107672375835e-22  1.61076723758353e-22  0.0]
[0.06  2.32244041934312e-26  2.32244041959209e-26  2.32244041983977e-26  2.32244042008617e-26  2.32244042033129e-26  2.32244042057513e-26  2.32244042081772e-26  2.32244042105904e-26  2.32244042129912e-26  2.32244042153795e-26  2.32244042177554e-26   2.3224404220119e-26  2.32244042224704e-26  2.32244042248096e-26  2.32244042271366e-26  2.32244042294516e-26  0.0]
[0.07  3.34854931578359e-30  3.34855180548198e-30  3.34855428227465e-30  3.34855674622849e-30  3.34855919741006e-30  3.34856163588557e-30  3.34856406172088e-30  3.34856647498151e-30  3.34856887573264e-30  3.34857126403913e-30  3.34857363996547e-30  3.34857600357584e-30  3.34857835493409e-30  3.34858069410372e-30  3.34858302114792e-30  3.34858533612954e-30  0.0]
[0.08  4.85303579308011e-34   4.8779327769673e-34  4.90270070363535e-34  4.92734024207156e-34  4.95185205779542e-34  4.97623681287663e-34  5.00049516595289e-34  5.02462777224782e-34  5.04863528358856e-34  5.07251834842341e-34  5.09627761183935e-34  5.11991371557944e-34  5.14342729806018e-34  5.16681899438874e-34  5.19008943638013e-34  5.21323925257423e-34  0.0]
[0.09  2.57218235456256e-36  5.06188074327351e-36  7.53867341007124e-36  1.00026272536848e-35   1.2453808826064e-35  1.48922843341768e-35  1.73181196417961e-35  1.97313802712815e-35  2.21321314053488e-35  2.45204378888267e-35   2.6896364230413e-35  2.92599746044148e-35  3.16113328524824e-35  3.39505024853313e-35  3.62775466844629e-35  3.85925283038662e-35  0.0]
[ 0.1  2.50258100437604e-36  4.99227934133731e-36   7.4690719566536e-36   9.9330257490526e-36  1.23842072704826e-35  1.48226827279105e-35  1.72485179851075e-35  1.96617785644321e-35  2.20625296485985e-35  2.44508360824342e-35  2.68267623746356e-35  2.91903726995086e-35  3.15417308987019e-35    3.388090048293e-35  3.62079446336927e-35  3.85229262049779e-35  0.0]
[0.11   2.5022101962516e-36  4.99154961465112e-36  7.46798517191341e-36  9.93158375712195e-36  1.23824119126308e-35  1.48205358358624e-35  1.72460213810928e-35  1.96589340612348e-35  2.20593390496058e-35  2.44473011816851e-35  2.68228849568695e-35  2.91861545402134e-35   3.1537173764162e-35   3.3876006130274e-35  3.62027148109408e-35  3.85173626510894e-35  0.0]
[0.12                   0.0                   0.0                   0.0                   0.0                   0.0                   0.0                   0.0                   0.0                   0.0                   0.0                   0.0                   0.0                   0.0                   0.0                   0.0                   0.0  0.0]