 Final Project, Porous Diffusion of metal into bone

 Distance
[ 0.0           0.002585079           0.002585079           0.002585079           0.002585079           0.002585079           0.002585079           0.002585079           0.002585079           0.002585079           0.002585079           0.002585079           0.002585079           0.002585079           0.002585079           0.002585079           0.002585079  0.0]
[0.01   1.54365495478754e-7   1.54365495478754e-7   1.54365495478754e-7   1.54365495478754e-7   1.54365495478754e-7   1.54365495478754e-7   1.54365495478754e-7   1.54365495478754e-7   1.54365495478754e-7   1.54365495478754e-7   1.54365495478754e-7   1.54365495478754e-7   1.54365495478754e-7   1.54365495478754e-7   1.54365495478754e-7   1.54365495478754e-7  0.0]
[0.02  9.21778645619781e-12  9.21778645619781e-12  9.21778645619781e-12  9.21778645619781e-12  9.21778645619781e-12  9.21778645619781e-12  9.21778645619781e-12  9.21778645619781e-12  9.21778645619781e-12  9.21778645619781e-12  9.21778645619781e-12  9.21778645619781e-12  9.21778645619781e-12  9.21778645619781e-12  9.21778645619781e-12  9.21778645619781e-12  0.0]
[0.03  5.50431214492217e-16  5.50431214492217e-16  5.50431214492217e-16  5.50431214492217e-16  5.50431214492217e-16  5.50431214492217e-16  5.50431214492217e-16  5.50431214492217e-16  5.50431214492217e-16  5.50431214492217e-16  5.50431214492217e-16  5.50431214492217e-16  5.50431214492217e-16  5.50431214492217e-16  5.50431214492217e-16  5.50431214492217e-16  0.0]
[0.04  3.28684682951909e-20  3.28684682951909e-20  3.28684682951909e-20  3.28684682951909e-20  3.28684682951909e-20  3.28684682951909e-20  3.28684682951909e-20  3.28684682951909e-20  3.28684682951909e-20  3.28684682951909e-20  3.28684682951909e-20  3.28684682951909e-20  3.28684682951909e-20  3.28684682951909e-20  3.28684682951909e-20  3.28684682951909e-20  0.0]
[0.05  1.96270883559646e-24  1.96270883559647e-24  1.96270883559647e-24  1.96270883559647e-24  1.96270883559647e-24  1.96270883559647e-24  1.96270883559647e-24  1.96270883559647e-24  1.96270883559647e-24  1.96270883559647e-24  1.96270883559647e-24  1.96270883559647e-24  1.96270883559647e-24  1.96270883559647e-24  1.96270883559647e-24  1.96270883559647e-24  0.0]
[0.06  1.17201262277996e-28  1.17201262278368e-28   1.1720126227874e-28  1.17201262279111e-28  1.17201262279482e-28  1.17201262279853e-28  1.17201262280224e-28  1.17201262280594e-28  1.17201262280963e-28  1.17201262281333e-28  1.17201262281702e-28  1.17201262282071e-28  1.17201262282439e-28  1.17201262282807e-28  1.17201262283175e-28  1.17201262283542e-28  0.0]
[0.07  6.99856054101625e-33  6.99856091306278e-33   6.9985612847778e-33   6.9985616561616e-33  6.99856202721448e-33  6.99856239793674e-33  6.99856276832867e-33  6.99856313839057e-33  6.99856350812272e-33  6.99856387752542e-33  6.99856424659897e-33  6.99856461534366e-33  6.99856498375979e-33  6.99856535184763e-33   6.9985657196075e-33  6.99856608703967e-33  0.0]
[0.08  4.18284623782799e-37  4.18656670310538e-37  4.19028385328354e-37  4.19399769131638e-37  4.19770822015517e-37  4.20141544274854e-37   4.2051193620425e-37  4.20881998098045e-37  4.21251730250314e-37  4.21621132954871e-37  4.21990206505269e-37    4.223589511948e-37  4.22727367316492e-37  4.23095455163114e-37  4.23463215027174e-37  4.23830647200919e-37  0.0]
[0.09  3.97318660273646e-40  7.69365188012418e-40   1.1410802058288e-39  1.51246400911289e-39  1.88351689299145e-39  2.25423915232832e-39   2.6246310817246e-39  2.99469297551891e-39  3.36442512778752e-39  3.73382783234477e-39  4.10290138274319e-39  4.47164607227362e-39  4.84006219396564e-39  5.20815004058779e-39   5.5759099046477e-39  5.94334207839231e-39  0.0]
[ 0.1  3.72364922170612e-40  7.44411448582832e-40  1.11612646507384e-39  1.48751026703374e-39  1.85856314958929e-39  2.22928540760434e-39  2.59967733567997e-39   2.9697392281548e-39  3.33947137910511e-39  3.70887408234523e-39  4.07794763142771e-39  4.44669231964335e-39  4.81510844002176e-39  5.18319628533148e-39  5.55095614808013e-39  5.91838832051464e-39  0.0]
[0.11  3.72341198176225e-40  7.44365509515964e-40  1.11605833072911e-39  1.48741995718811e-39  1.85845068400212e-39  2.22915080601738e-39  2.59952061781736e-39  2.96956041372313e-39  3.33927048779341e-39  3.70865113382497e-39  4.07770264535283e-39  4.44642531565031e-39  4.81481943772948e-39  5.18288530434142e-39  5.55062320797628e-39  5.91803344086355e-39  0.0]
[0.12                   0.0                   0.0                   0.0                   0.0                   0.0                   0.0                   0.0                   0.0                   0.0                   0.0                   0.0                   0.0                   0.0                   0.0                   0.0                   0.0  0.0]