 Final Project, Porous Diffusion of metal into bone

 Distance
[ 0.0           0.002585079           0.002585079           0.002585079           0.002585079           0.002585079           0.002585079           0.002585079           0.002585079           0.002585079           0.002585079           0.002585079           0.002585079           0.002585079           0.002585079           0.002585079           0.002585079  0.0]
[0.01   9.25413623659005e-6   9.25413623659005e-6   9.25413623659005e-6   9.25413623659005e-6   9.25413623659005e-6   9.25413623659005e-6   9.25413623659005e-6   9.25413623659005e-6   9.25413623659005e-6   9.25413623659005e-6   9.25413623659005e-6   9.25413623659005e-6   9.25413623659005e-6   9.25413623659005e-6   9.25413623659005e-6   9.25413623659005e-6  0.0]
[0.02    3.3128209035534e-8    3.3128209035534e-8    3.3128209035534e-8    3.3128209035534e-8    3.3128209035534e-8    3.3128209035534e-8    3.3128209035534e-8    3.3128209035534e-8    3.3128209035534e-8    3.3128209035534e-8    3.3128209035534e-8    3.3128209035534e-8    3.3128209035534e-8    3.3128209035534e-8    3.3128209035534e-8    3.3128209035534e-8  0.0]
[0.03  1.18593265308038e-10  1.18593265308041e-10  1.18593265308041e-10  1.18593265308041e-10  1.18593265308041e-10  1.18593265308041e-10  1.18593265308041e-10  1.18593265308041e-10  1.18593265308041e-10  1.18593265308041e-10  1.18593265308041e-10  1.18593265308041e-10  1.18593265308041e-10  1.18593265308041e-10  1.18593265308041e-10  1.18593265308041e-10  0.0]
[0.04  4.24543402377626e-13  4.24543402380343e-13  4.24543402380453e-13  4.24543402380457e-13  4.24543402380458e-13  4.24543402380458e-13  4.24543402380458e-13  4.24543402380458e-13  4.24543402380458e-13  4.24543402380458e-13  4.24543402380458e-13  4.24543402380458e-13  4.24543402380458e-13  4.24543402380458e-13  4.24543402380458e-13  4.24543402380458e-13  0.0]
[0.05  1.51979210548183e-15  1.51979210819821e-15   1.5197921083085e-15  1.51979210831298e-15  1.51979210831316e-15  1.51979210831317e-15  1.51979210831317e-15  1.51979210831317e-15  1.51979210831317e-15  1.51979210831317e-15  1.51979210831317e-15  1.51979210831317e-15  1.51979210831317e-15  1.51979210831317e-15  1.51979210831317e-15  1.51979210831317e-15  0.0]
[0.06  5.44065983834889e-18  5.44066255472956e-18  5.44066266502502e-18  5.44066266950344e-18  5.44066266968528e-18  5.44066266969266e-18  5.44066266969296e-18  5.44066266969298e-18  5.44066266969298e-18  5.44066266969298e-18  5.44066266969298e-18  5.44066266969298e-18  5.44066266969298e-18  5.44066266969298e-18  5.44066266969298e-18  5.44066266969298e-18  0.0]
[0.07  1.95432736087555e-20  1.95459899894283e-20   1.9546100284892e-20  1.95461047633105e-20  1.95461049451514e-20  1.95461049525349e-20  1.95461049528347e-20  1.95461049528469e-20  1.95461049528469e-20  1.95461049528469e-20  1.95461049528469e-20  1.95461049528469e-20  1.95461049528469e-20  1.95461049528469e-20  1.95461049528469e-20  1.95461049528469e-20  0.0]
[0.08  1.36612827955981e-22  1.39329208628266e-22   1.3943950409201e-22   1.3944398251046e-22  1.39444164351409e-22  1.39444171734847e-22  1.39444172034641e-22  1.39444172046873e-22  1.39444172046879e-22  1.39444172046879e-22  1.39444172046879e-22  1.39444172046879e-22  1.39444172046879e-22  1.39444172046879e-22  1.39444172046879e-22  1.39444172046879e-22  0.0]
[0.09  6.71403318863878e-23  6.98567124344974e-23  6.99670078931992e-23   6.9971486311445e-23  6.99716681523856e-23  6.99716755358235e-23  6.99716758356168e-23  6.99716758478493e-23  6.99716758478548e-23  6.99716758478548e-23  6.99716758478548e-23  6.99716758478548e-23  6.99716758478548e-23  6.99716758478548e-23  6.99716758478548e-23  6.99716758478548e-23  0.0]
[ 0.1  6.68907782169086e-23  6.96071240778925e-23  6.97174181281641e-23  6.97218964892222e-23  6.97220783278409e-23  6.97220857111845e-23  6.97220860109739e-23  6.97220860232063e-23  6.97220860232118e-23  6.97220860232118e-23  6.97220860232118e-23  6.97220860232118e-23  6.97220860232118e-23  6.97220860232118e-23  6.97220860232118e-23  6.97220860232118e-23  0.0]
[0.11   6.6651287958897e-23  6.93579443343536e-23  6.94678449543852e-23  6.94723073406681e-23  6.94724885306496e-23  6.94724958876561e-23  6.94724961863761e-23  6.94724961985649e-23  6.94724961985704e-23  6.94724961985704e-23  6.94724961985704e-23  6.94724961985704e-23  6.94724961985704e-23  6.94724961985704e-23  6.94724961985704e-23  6.94724961985704e-23  0.0]
[0.12                   0.0                   0.0                   0.0                   0.0                   0.0                   0.0                   0.0                   0.0                   0.0                   0.0                   0.0                   0.0                   0.0                   0.0                   0.0                   0.0  0.0]