 Final Project, Porous Diffusion of metal into bone

 Distance
[ 0.0           0.002585079           0.002585079           0.002585079           0.002585079           0.002585079           0.002585079           0.002585079           0.002585079           0.002585079           0.002585079           0.002585079           0.002585079           0.002585079           0.002585079           0.002585079           0.002585079  0.0]
[0.01    2.0262493110488e-6    2.0262493110488e-6    2.0262493110488e-6    2.0262493110488e-6    2.0262493110488e-6    2.0262493110488e-6    2.0262493110488e-6    2.0262493110488e-6    2.0262493110488e-6    2.0262493110488e-6    2.0262493110488e-6    2.0262493110488e-6    2.0262493110488e-6    2.0262493110488e-6    2.0262493110488e-6    2.0262493110488e-6  0.0]
[0.02   1.58822468115123e-9   1.58822468115123e-9   1.58822468115123e-9   1.58822468115123e-9   1.58822468115123e-9   1.58822468115123e-9   1.58822468115123e-9   1.58822468115123e-9   1.58822468115123e-9   1.58822468115123e-9   1.58822468115123e-9   1.58822468115123e-9   1.58822468115123e-9   1.58822468115123e-9   1.58822468115123e-9   1.58822468115123e-9  0.0]
[0.03   1.2448900656318e-12   1.2448900656318e-12   1.2448900656318e-12   1.2448900656318e-12   1.2448900656318e-12   1.2448900656318e-12   1.2448900656318e-12   1.2448900656318e-12   1.2448900656318e-12   1.2448900656318e-12   1.2448900656318e-12   1.2448900656318e-12   1.2448900656318e-12   1.2448900656318e-12   1.2448900656318e-12   1.2448900656318e-12  0.0]
[0.04   9.7577584198319e-16  9.75775841983234e-16  9.75775841983273e-16  9.75775841983306e-16  9.75775841983335e-16  9.75775841983359e-16   9.7577584198338e-16  9.75775841983398e-16  9.75775841983413e-16  9.75775841983426e-16  9.75775841983437e-16  9.75775841983447e-16  9.75775841983455e-16  9.75775841983463e-16  9.75775841983469e-16  9.75775841983474e-16  0.0]
[0.05  7.64837410265588e-19  7.64837410310564e-19  7.64837410349136e-19  7.64837410382215e-19  7.64837410410585e-19  7.64837410434916e-19  7.64837410455782e-19  7.64837410473678e-19  7.64837410489025e-19  7.64837410502187e-19  7.64837410513476e-19  7.64837410523157e-19  7.64837410531459e-19   7.6483741053858e-19  7.64837410544686e-19  7.64837410549923e-19  0.0]
[0.06  5.99498665638607e-22  5.99498710614107e-22   5.9949874918594e-22  5.99498782265867e-22  5.99498810635834e-22  5.99498834966449e-22  5.99498855832842e-22  5.99498873728252e-22  5.99498889075691e-22  5.99498902237943e-22  5.99498913526137e-22  5.99498923207104e-22  5.99498931509683e-22  5.99498938630131e-22  5.99498944736761e-22  5.99498949973921e-22  0.0]
[0.07  4.69954385770581e-25  4.69999361270274e-25  4.70037933102799e-25  4.70071013030192e-25  4.70099382996686e-25  4.70123713612328e-25   4.7014458000488e-25    4.701624754147e-25  4.70177822853979e-25  4.70190985105907e-25  4.70202273300156e-25  4.70211954267374e-25  4.70220256846528e-25  4.70227377294212e-25  4.70233483923765e-25  4.70238721083864e-25  0.0]
[0.08  4.20760889287032e-28  4.65736388979531e-28  5.04308221504068e-28  5.37388148897278e-28   5.6575811539144e-28  5.90088731033769e-28  6.10955123585069e-28  6.28850533405591e-28  6.44197972684194e-28  6.57360224612067e-28  6.68648418861789e-28    6.783293860791e-28  6.86631965232971e-28  6.93752412917475e-28   6.9985904247054e-28   7.0509620256928e-28  0.0]
[0.09  5.27287386273427e-29  9.77042382981995e-29  1.36276070804177e-28  1.69355998181468e-28  1.97725964661979e-28  2.22056580292601e-28  2.42922972833859e-28   2.6081838264577e-28  2.76165821916989e-28  2.89328073838528e-28  3.00616268082818e-28  3.10297235295471e-28  3.18599814445347e-28  3.25720262126425e-28  3.31826891676551e-28  3.37064051772771e-28  0.0]
[ 0.1  5.24402336677902e-29  9.74157057281574e-29  1.35987514554861e-28  1.69067421624363e-28  1.97437370688532e-28  2.21767971382572e-28  2.42634351113938e-28  2.60529749939845e-28   2.7587717978926e-28  2.89039423630484e-28  3.00327610944944e-28  3.10008572214445e-28  3.18311146267362e-28  3.25431589577192e-28  3.31538215378454e-28  3.36775372259578e-28  0.0]
[0.11  5.23989361162348e-29  9.73391828701871e-29  1.35880781813088e-28  1.68934780319337e-28  1.97282509713473e-28   2.2159405440153e-28  2.42444091344569e-28  2.60325474288525e-28  2.75660883854564e-28  2.88812818875199e-28  3.00092165151671e-28  3.09765544181086e-28  3.18061615562621e-28  3.25176482059449e-28  3.31278325081228e-28  3.36511380160916e-28  0.0]
[0.12                   0.0                   0.0                   0.0                   0.0                   0.0                   0.0                   0.0                   0.0                   0.0                   0.0                   0.0                   0.0                   0.0                   0.0                   0.0                   0.0  0.0]