 Final Project, Porous Diffusion of metal into bone

 Distance
[ 0.0           0.002585079           0.002585079           0.002585079           0.002585079           0.002585079           0.002585079           0.002585079           0.002585079           0.002585079           0.002585079           0.002585079           0.002585079           0.002585079           0.002585079           0.002585079           0.002585079  0.0]
[0.01   3.12375604013782e-7   3.12375604013782e-7   3.12375604013782e-7   3.12375604013782e-7   3.12375604013782e-7   3.12375604013782e-7   3.12375604013782e-7   3.12375604013782e-7   3.12375604013782e-7   3.12375604013782e-7   3.12375604013782e-7   3.12375604013782e-7   3.12375604013782e-7   3.12375604013782e-7   3.12375604013782e-7   3.12375604013782e-7  0.0]
[0.02  3.77468224309489e-11  3.77468224309489e-11  3.77468224309489e-11  3.77468224309489e-11  3.77468224309489e-11  3.77468224309489e-11  3.77468224309489e-11  3.77468224309489e-11  3.77468224309489e-11  3.77468224309489e-11  3.77468224309489e-11  3.77468224309489e-11  3.77468224309489e-11  3.77468224309489e-11  3.77468224309489e-11  3.77468224309489e-11  0.0]
[0.03  4.56124801465202e-15  4.56124801465202e-15  4.56124801465202e-15  4.56124801465202e-15  4.56124801465202e-15  4.56124801465202e-15  4.56124801465202e-15  4.56124801465202e-15  4.56124801465202e-15  4.56124801465202e-15  4.56124801465202e-15  4.56124801465202e-15  4.56124801465202e-15  4.56124801465202e-15  4.56124801465202e-15  4.56124801465202e-15  0.0]
[0.04  5.51171783776662e-19  5.51171783776662e-19  5.51171783776662e-19  5.51171783776662e-19  5.51171783776662e-19  5.51171783776662e-19  5.51171783776662e-19  5.51171783776662e-19  5.51171783776662e-19  5.51171783776662e-19  5.51171783776662e-19  5.51171783776662e-19  5.51171783776662e-19  5.51171783776662e-19  5.51171783776662e-19  5.51171783776662e-19  0.0]
[0.05  6.66024592952824e-23  6.66024592952828e-23  6.66024592952833e-23  6.66024592952837e-23  6.66024592952841e-23  6.66024592952845e-23  6.66024592952849e-23  6.66024592952854e-23  6.66024592952858e-23  6.66024592952862e-23  6.66024592952866e-23   6.6602459295287e-23  6.66024592952874e-23  6.66024592952878e-23  6.66024592952882e-23  6.66024592952886e-23  0.0]
[0.06  8.04810354046198e-27  8.04810354088864e-27  8.04810354131373e-27  8.04810354173727e-27  8.04810354215927e-27  8.04810354257973e-27  8.04810354299866e-27  8.04810354341607e-27  8.04810354383195e-27  8.04810354424632e-27  8.04810354465918e-27  8.04810354507053e-27  8.04810354548038e-27  8.04810354588875e-27  8.04810354629562e-27  8.04810354670101e-27  0.0]
[0.07  9.72516627688979e-31  9.72517054336262e-31   9.7251747942893e-31  9.72517902972645e-31  9.72518324973054e-31  9.72518745435779e-31  9.72519164366423e-31  9.72519581770569e-31  9.72519997653778e-31  9.72520412021594e-31  9.72520824879538e-31  9.72521236233112e-31  9.72521646087796e-31  9.72522054449053e-31  9.72522461322325e-31  9.72522866713033e-31  0.0]
[0.08  1.17945038166344e-34  1.18371685449502e-34  1.18796778116625e-34  1.19220321832417e-34  1.19642322240943e-34  1.20062784965701e-34  1.20481715609697e-34  1.20899119755524e-34   1.2131500296543e-34  1.21729370781397e-34  1.22142228725213e-34  1.22553582298544e-34  1.22963436983013e-34  1.23371798240264e-34  1.23778671512044e-34  1.24184062220269e-34  0.0]
[0.09  4.42390922196059e-37  8.69038205353477e-37  1.29413087247542e-36  1.71767458826682e-36   2.1396749967919e-36  2.56013772154872e-36  2.97906836554457e-36  3.39647251137049e-36   3.8123557212759e-36  4.22672353724217e-36  4.63958148105713e-36  5.05093505438801e-36  5.46078973885565e-36  5.86915099610627e-36   6.2760242678854e-36  6.68141497610982e-36  0.0]
[ 0.1  4.28192138883497e-37  8.54839415811847e-37  1.27993207672742e-36  1.70347578633506e-36  2.12547618869892e-36  2.54593890731696e-36  2.96486954519641e-36  3.38227368492821e-36  3.79815688876171e-36  4.21252469867819e-36  4.62538263646541e-36  5.03673620379051e-36  5.44659088227425e-36  5.85495213356278e-36  6.26182539940155e-36  6.66721610170724e-36  0.0]
[0.11  4.28138687944912e-37  8.54734415926346e-37   1.2797757157289e-36  1.70326825137298e-36   2.1252176662408e-36  2.54562958315089e-36  2.96450960443349e-36  3.38186331200504e-36  3.79769626744283e-36  4.21201401205856e-36   4.6248220669728e-36  5.03612593318798e-36  5.44593109166256e-36  5.85424300338278e-36   6.2610671094366e-36  6.66640883108562e-36  0.0]
[0.12                   0.0                   0.0                   0.0                   0.0                   0.0                   0.0                   0.0                   0.0                   0.0                   0.0                   0.0                   0.0                   0.0                   0.0                   0.0                   0.0  0.0]