 Final Project, Porous Diffusion of metal into bone

 Distance
[ 0.0           0.002585079           0.002585079           0.002585079           0.002585079           0.002585079           0.002585079           0.002585079           0.002585079           0.002585079           0.002585079           0.002585079           0.002585079           0.002585079           0.002585079           0.002585079           0.002585079  0.0]
[0.01   4.65869548417289e-7   4.65869548417289e-7   4.65869548417289e-7   4.65869548417289e-7   4.65869548417289e-7   4.65869548417289e-7   4.65869548417289e-7   4.65869548417289e-7   4.65869548417289e-7   4.65869548417289e-7   4.65869548417289e-7   4.65869548417289e-7   4.65869548417289e-7   4.65869548417289e-7   4.65869548417289e-7   4.65869548417289e-7  0.0]
[0.02  8.39565971262497e-11  8.39565971262497e-11  8.39565971262497e-11  8.39565971262497e-11  8.39565971262497e-11  8.39565971262497e-11  8.39565971262497e-11  8.39565971262497e-11  8.39565971262497e-11  8.39565971262497e-11  8.39565971262497e-11  8.39565971262497e-11  8.39565971262497e-11  8.39565971262497e-11  8.39565971262497e-11  8.39565971262497e-11  0.0]
[0.03  1.51302230956416e-14  1.51302230956416e-14  1.51302230956416e-14  1.51302230956416e-14  1.51302230956416e-14  1.51302230956416e-14  1.51302230956416e-14  1.51302230956416e-14  1.51302230956416e-14  1.51302230956416e-14  1.51302230956416e-14  1.51302230956416e-14  1.51302230956416e-14  1.51302230956416e-14  1.51302230956416e-14  1.51302230956416e-14  0.0]
[0.04  2.72669044196305e-18  2.72669044196305e-18  2.72669044196305e-18  2.72669044196305e-18  2.72669044196305e-18  2.72669044196305e-18  2.72669044196305e-18  2.72669044196305e-18  2.72669044196305e-18  2.72669044196305e-18  2.72669044196305e-18  2.72669044196305e-18  2.72669044196305e-18  2.72669044196305e-18  2.72669044196305e-18  2.72669044196305e-18  0.0]
[0.05  4.91390029036298e-22  4.91390029036321e-22  4.91390029036344e-22  4.91390029036366e-22  4.91390029036389e-22  4.91390029036411e-22  4.91390029036434e-22  4.91390029036455e-22  4.91390029036477e-22  4.91390029036499e-22   4.9139002903652e-22  4.91390029036542e-22  4.91390029036563e-22  4.91390029036584e-22  4.91390029036604e-22  4.91390029036625e-22  0.0]
[0.06  8.85557659878119e-26  8.85557660108811e-26  8.85557660337636e-26  8.85557660564611e-26  8.85557660789751e-26   8.8555766101307e-26  8.85557661234584e-26  8.85557661454306e-26  8.85557661672251e-26  8.85557661888434e-26  8.85557662102869e-26   8.8555766231557e-26  8.85557662526551e-26  8.85557662735825e-26  8.85557662943408e-26  8.85557663149312e-26  0.0]
[0.07  1.59590847393449e-29  1.59591078084611e-29  1.59591306910296e-29  1.59591533885587e-29  1.59591759025449e-29  1.59591982344724e-29  1.59592203858133e-29   1.5959242358028e-29  1.59592641525649e-29   1.5959285770861e-29  1.59593072143412e-29  1.59593284844193e-29  1.59593495824976e-29  1.59593705099667e-29  1.59593912682065e-29  1.59594118585853e-29  0.0]
[0.08   2.8993156544187e-33  2.92238477064133e-33  2.94526733907398e-33  2.96796486823035e-33   2.9904788544256e-33  3.01281078187495e-33  3.03496212279158e-33  3.05693433748365e-33  3.07872887445057e-33  3.10034717047849e-33  3.12179065073506e-33  3.14306072886329e-33  3.16415880707489e-33  3.18508627624255e-33  3.20584451599174e-33   3.2264348947916e-33  0.0]
[0.09  2.37745596213822e-35  4.68436758438756e-35   6.9726244276393e-35  9.24237734326334e-35  1.14937759627746e-34  1.37269687076968e-34   1.5942102799347e-34  1.81393242685407e-34  2.03187779652201e-34   2.2480607567999e-34  2.46249555936434e-34  2.67519634064549e-34  2.88617712276016e-34  3.09545181443557e-34  3.30303421192629e-34   3.5089379999237e-34  0.0]
[ 0.1  2.32563437434779e-35  4.63254592168818e-35  6.92080269063672e-35  9.19055553255842e-35  1.14419540789633e-34  1.36751467513704e-34  1.58902807710917e-34  1.80875021689383e-34  2.02669557948475e-34  2.24287853274284e-34  2.45731332834427e-34  2.67001410271869e-34  2.88099487798249e-34  3.09026956286244e-34  3.29785195361264e-34  3.50375573492403e-34  0.0]
[0.11  2.32520600042997e-35    4.631701883015e-35  6.91954634847007e-35  9.18889022097945e-35  1.14398831050922e-34  1.36726733955844e-34  1.58874082872415e-34  1.80842337845621e-34  2.02632947113844e-34  2.24247347204291e-34  2.45686963027786e-34  2.66953207972585e-34  2.88047483997671e-34  3.08971181725109e-34  3.29725680531727e-34  3.50312348640045e-34  0.0]
[0.12                   0.0                   0.0                   0.0                   0.0                   0.0                   0.0                   0.0                   0.0                   0.0                   0.0                   0.0                   0.0                   0.0                   0.0                   0.0                   0.0  0.0]