 Final Project, Porous Diffusion of metal into bone

 Distance
[ 0.0           0.002585079           0.002585079           0.002585079           0.002585079           0.002585079           0.002585079           0.002585079           0.002585079           0.002585079           0.002585079           0.002585079           0.002585079           0.002585079           0.002585079           0.002585079           0.002585079  0.0]
[0.01   1.86146631654753e-6   1.86146631654753e-6   1.86146631654753e-6   1.86146631654753e-6   1.86146631654753e-6   1.86146631654753e-6   1.86146631654753e-6   1.86146631654753e-6   1.86146631654753e-6   1.86146631654753e-6   1.86146631654753e-6   1.86146631654753e-6   1.86146631654753e-6   1.86146631654753e-6   1.86146631654753e-6   1.86146631654753e-6  0.0]
[0.02   1.34040655919646e-9   1.34040655919646e-9   1.34040655919646e-9   1.34040655919646e-9   1.34040655919646e-9   1.34040655919646e-9   1.34040655919646e-9   1.34040655919646e-9   1.34040655919646e-9   1.34040655919646e-9   1.34040655919646e-9   1.34040655919646e-9   1.34040655919646e-9   1.34040655919646e-9   1.34040655919646e-9   1.34040655919646e-9  0.0]
[0.03  9.65201318963015e-13  9.65201318963015e-13  9.65201318963015e-13  9.65201318963015e-13  9.65201318963015e-13  9.65201318963016e-13  9.65201318963016e-13  9.65201318963016e-13  9.65201318963016e-13  9.65201318963016e-13  9.65201318963016e-13  9.65201318963016e-13  9.65201318963016e-13  9.65201318963016e-13  9.65201318963016e-13  9.65201318963016e-13  0.0]
[0.04  6.95023147817518e-16  6.95023147817538e-16  6.95023147817556e-16  6.95023147817571e-16  6.95023147817585e-16  6.95023147817597e-16  6.95023147817607e-16  6.95023147817616e-16  6.95023147817624e-16  6.95023147817631e-16  6.95023147817638e-16  6.95023147817643e-16  6.95023147817648e-16  6.95023147817652e-16  6.95023147817656e-16  6.95023147817659e-16  0.0]
[0.05  5.00472975464901e-19  5.00472975484858e-19  5.00472975502388e-19  5.00472975517788e-19  5.00472975531314e-19  5.00472975543197e-19  5.00472975553634e-19  5.00472975562803e-19  5.00472975570857e-19  5.00472975577932e-19  5.00472975584146e-19  5.00472975589605e-19  5.00472975594401e-19  5.00472975598613e-19  5.00472975602313e-19  5.00472975605563e-19  0.0]
[0.06  3.60381112088014e-22  3.60381132044696e-22  3.60381149575064e-22  3.60381164974107e-22  3.60381178500949e-22  3.60381190383211e-22  3.60381200820838e-22   3.6038120998947e-22  3.60381218043388e-22  3.60381225118118e-22   3.6038123133271e-22  3.60381236791737e-22  3.60381241587061e-22  3.60381245799375e-22  3.60381249499559e-22  3.60381252749879e-22  0.0]
[0.07  2.59526299354567e-25  2.59546256036546e-25  2.59563786404484e-25  2.59579185447289e-25  2.59592712289404e-25  2.59604594551173e-25   2.5961503217908e-25  2.59624200810309e-25  2.59632254728245e-25  2.59639329458649e-25  2.59645544050191e-25  2.59651003077721e-25  2.59655798401978e-25  2.59660010715362e-25  2.59663710899771e-25  2.59666961219347e-25  0.0]
[0.08  2.09581448742227e-28  2.29538130720834e-28  2.47068498658758e-28  2.62467541463989e-28   2.7599438357917e-28  2.87876645348513e-28  2.98314273255532e-28  3.07482904484171e-28  3.15536822419897e-28  3.22611552823814e-28  3.28826144366387e-28  3.34285171896216e-28  3.39080496153208e-28  3.43292809537613e-28  3.46992993945903e-28  3.50243313522324e-28  0.0]
[0.09  2.28524026584279e-29  4.28090846295886e-29  6.03394525609716e-29  7.57384953604577e-29   8.9265337470592e-29  1.01147599235501e-28  1.11585227138626e-28  1.20753858363844e-28  1.28807776296565e-28  1.35882506697842e-28  1.42097098238096e-28  1.47556125765889e-28  1.52351450021092e-28  1.56563763403925e-28  1.60263947810835e-28  1.63514267386042e-28  0.0]
[ 0.1  2.27179308459283e-29  4.26746024766572e-29  6.02049613247882e-29  7.56039961453552e-29  8.91308312466397e-29  1.01013086854828e-28  1.11450709349761e-28  1.20619335824309e-28  1.28673249583942e-28  1.35747976319491e-28  1.41962564639693e-28  1.47421589338924e-28  1.52216911109459e-28  1.56429222309708e-28   1.6012940479939e-28  1.63379722690465e-28  0.0]
[0.11  2.27014871750276e-29  4.26437987183346e-29  6.01615433645457e-29   7.5549497605629e-29  8.90665992935371e-29  1.00940304867308e-28  1.11370416832715e-28  1.20532445900635e-28  1.28580564359938e-28  1.35650200382151e-28  1.41860316913008e-28  1.47315413498705e-28  1.52107284731941e-28  1.56316564907868e-28  1.60014084882227e-28  1.63262063964008e-28  0.0]
[0.12                   0.0                   0.0                   0.0                   0.0                   0.0                   0.0                   0.0                   0.0                   0.0                   0.0                   0.0                   0.0                   0.0                   0.0                   0.0                   0.0  0.0]