problem 1
Time: 0.0
20.0000,20.0000,20.0000,20.0000,20.0000,20.0000,20.0000,20.0000,20.0000,20.0000,20.0000,20.0000,20.0000,20.0000,20.0000,20.0000,20.0000,20.0000,20.0000,20.0000,20.0000
20.0000,0.0000,0.0000,0.0000,0.0000,0.0000,0.0000,0.0000,0.0000,0.0000,0.0000,0.0000,0.0000,0.0000,0.0000,0.0000,0.0000,0.0000,0.0000,0.0000,20.0000
20.0000,0.0000,0.0000,0.0000,0.0000,0.0000,0.0000,0.0000,0.0000,0.0000,0.0000,0.0000,0.0000,0.0000,0.0000,0.0000,0.0000,0.0000,0.0000,0.0000,20.0000
20.0000,0.0000,0.0000,0.0000,0.0000,0.0000,0.0000,0.0000,0.0000,0.0000,0.0000,0.0000,0.0000,0.0000,0.0000,0.0000,0.0000,0.0000,0.0000,0.0000,20.0000
20.0000,0.0000,0.0000,0.0000,0.0000,0.0000,0.0000,0.0000,0.0000,0.0000,0.0000,0.0000,0.0000,0.0000,0.0000,0.0000,0.0000,0.0000,0.0000,0.0000,20.0000
20.0000,0.0000,0.0000,0.0000,0.0000,0.0000,0.0000,0.0000,0.0000,0.0000,0.0000,0.0000,0.0000,0.0000,0.0000,0.0000,0.0000,0.0000,0.0000,0.0000,20.0000
20.0000,0.0000,0.0000,0.0000,0.0000,0.0000,0.0000,0.0000,0.0000,0.0000,0.0000,0.0000,0.0000,0.0000,0.0000,0.0000,0.0000,0.0000,0.0000,0.0000,20.0000
20.0000,0.0000,0.0000,0.0000,0.0000,0.0000,0.0000,0.0000,0.0000,0.0000,0.0000,0.0000,0.0000,0.0000,0.0000,0.0000,0.0000,0.0000,0.0000,0.0000,20.0000
20.0000,0.0000,0.0000,0.0000,0.0000,0.0000,0.0000,0.0000,0.0000,0.0000,0.0000,0.0000,0.0000,0.0000,0.0000,0.0000,0.0000,0.0000,0.0000,0.0000,20.0000
20.0000,0.0000,0.0000,0.0000,0.0000,0.0000,0.0000,0.0000,0.0000,0.0000,0.0000,0.0000,0.0000,0.0000,0.0000,0.0000,0.0000,0.0000,0.0000,0.0000,20.0000
20.0000,20.0000,20.0000,20.0000,20.0000,20.0000,20.0000,20.0000,20.0000,20.0000,20.0000,20.0000,20.0000,20.0000,20.0000,20.0000,20.0000,20.0000,20.0000,20.0000,20.0000

Time: 25.0
20.0000,20.0000,20.0000,20.0000,20.0000,20.0000,20.0000,20.0000,20.0000,20.0000,20.0000,20.0000,20.0000,20.0000,20.0000,20.0000,20.0000,20.0000,20.0000,20.0000,20.0000
20.0000,19.1787,18.4140,17.7506,17.2143,16.8100,16.5256,16.3395,16.2277,16.1695,16.1517,16.1695,16.2277,16.3395,16.5256,16.8100,17.2143,17.7506,18.4140,19.1787,20.0000
20.0000,18.4405,16.9882,15.7286,14.7102,13.9424,13.4024,13.0491,12.8367,12.7264,12.6925,12.7264,12.8367,13.0491,13.4024,13.9424,14.7102,15.7286,16.9882,18.4405,20.0000
20.0000,17.8579,15.8633,14.1331,12.7344,11.6798,10.9382,10.4529,10.1612,10.0097,9.9632,10.0097,10.1612,10.4529,10.9382,11.6798,12.7344,14.1331,15.8633,17.8579,20.0000
20.0000,17.4861,15.1452,13.1146,11.4731,10.2355,9.3652,8.7957,8.4534,8.2756,8.2210,8.2756,8.4534,8.7957,9.3652,10.2355,11.4731,13.1146,15.1452,17.4861,20.0000
20.0000,17.3584,14.8986,12.7650,11.0401,9.7397,8.8252,8.2267,7.8671,7.6802,7.6229,7.6802,7.8671,8.2267,8.8252,9.7397,11.0401,12.7650,14.8986,17.3584,20.0000
20.0000,17.4861,15.1452,13.1146,11.4731,10.2355,9.3652,8.7957,8.4534,8.2756,8.2210,8.2756,8.4534,8.7957,9.3652,10.2355,11.4731,13.1146,15.1452,17.4861,20.0000
20.0000,17.8579,15.8633,14.1331,12.7344,11.6798,10.9382,10.4529,10.1612,10.0097,9.9632,10.0097,10.1612,10.4529,10.9382,11.6798,12.7344,14.1331,15.8633,17.8579,20.0000
20.0000,18.4405,16.9882,15.7286,14.7102,13.9424,13.4024,13.0491,12.8367,12.7264,12.6925,12.7264,12.8367,13.0491,13.4024,13.9424,14.7102,15.7286,16.9882,18.4405,20.0000
20.0000,19.1787,18.4140,17.7506,17.2143,16.8100,16.5256,16.3395,16.2277,16.1695,16.1517,16.1695,16.2277,16.3395,16.5256,16.8100,17.2143,17.7506,18.4140,19.1787,20.0000
20.0000,20.0000,20.0000,20.0000,20.0000,20.0000,20.0000,20.0000,20.0000,20.0000,20.0000,20.0000,20.0000,20.0000,20.0000,20.0000,20.0000,20.0000,20.0000,20.0000,20.0000

Time: 50.0
20.0000,20.0000,20.0000,20.0000,20.0000,20.0000,20.0000,20.0000,20.0000,20.0000,20.0000,20.0000,20.0000,20.0000,20.0000,20.0000,20.0000,20.0000,20.0000,20.0000,20.0000
20.0000,19.7101,19.4306,19.1710,18.9387,18.7393,18.5758,18.4496,18.3603,18.3074,18.2898,18.3074,18.3603,18.4496,18.5758,18.7393,18.9387,19.1710,19.4306,19.7101,20.0000
20.0000,19.4486,18.9170,18.4231,17.9813,17.6019,17.2911,17.0509,16.8812,16.7804,16.7470,16.7804,16.8812,17.0509,17.2911,17.6019,17.9813,18.4231,18.9170,19.4486,20.0000
20.0000,19.2411,18.5095,17.8296,17.2215,16.6994,16.2715,15.9410,15.7074,15.5687,15.5227,15.5687,15.7074,15.9410,16.2715,16.6994,17.2215,17.8296,18.5095,19.2411,20.0000
20.0000,19.1079,18.2478,17.4485,16.7337,16.1199,15.6169,15.2284,14.9538,14.7907,14.7367,14.7907,14.9538,15.2284,15.6169,16.1199,16.7337,17.4485,18.2478,19.1079,20.0000
20.0000,19.0620,18.1576,17.3172,16.5656,15.9203,15.3914,14.9829,14.6941,14.5227,14.4658,14.5227,14.6941,14.9829,15.3914,15.9203,16.5656,17.3172,18.1576,19.0620,20.0000
20.0000,19.1079,18.2478,17.4485,16.7337,16.1199,15.6169,15.2284,14.9538,14.7907,14.7367,14.7907,14.9538,15.2284,15.6169,16.1199,16.7337,17.4485,18.2478,19.1079,20.0000
20.0000,19.2411,18.5095,17.8296,17.2215,16.6994,16.2715,15.9410,15.7074,15.5687,15.5227,15.5687,15.7074,15.9410,16.2715,16.6994,17.2215,17.8296,18.5095,19.2411,20.0000
20.0000,19.4486,18.9170,18.4231,17.9813,17.6019,17.2911,17.0509,16.8812,16.7804,16.7470,16.7804,16.8812,17.0509,17.2911,17.6019,17.9813,18.4231,18.9170,19.4486,20.0000
20.0000,19.7101,19.4306,19.1710,18.9387,18.7393,18.5758,18.4496,18.3603,18.3074,18.2898,18.3074,18.3603,18.4496,18.5758,18.7393,18.9387,19.1710,19.4306,19.7101,20.0000
20.0000,20.0000,20.0000,20.0000,20.0000,20.0000,20.0000,20.0000,20.0000,20.0000,20.0000,20.0000,20.0000,20.0000,20.0000,20.0000,20.0000,20.0000,20.0000,20.0000,20.0000

Time: 75.0
20.0000,20.0000,20.0000,20.0000,20.0000,20.0000,20.0000,20.0000,20.0000,20.0000,20.0000,20.0000,20.0000,20.0000,20.0000,20.0000,20.0000,20.0000,20.0000,20.0000,20.0000
20.0000,19.8836,19.7704,19.6634,19.5655,19.4790,19.4058,19.3475,19.3052,19.2795,19.2709,19.2795,19.3052,19.3475,19.4058,19.4790,19.5655,19.6634,19.7704,19.8836,20.0000
20.0000,19.7786,19.5632,19.3598,19.1735,19.0089,18.8698,18.7589,18.6783,18.6295,18.6131,18.6295,18.6783,18.7589,18.8698,19.0089,19.1735,19.3598,19.5632,19.7786,20.0000
20.0000,19.6952,19.3988,19.1188,18.8624,18.6359,18.4444,18.2918,18.1809,18.1137,18.0911,18.1137,18.1809,18.2918,18.4444,18.6359,18.8624,19.1188,19.3988,19.6952,20.0000
20.0000,19.6417,19.2933,18.9641,18.6627,18.3964,18.1713,17.9918,17.8615,17.7825,17.7560,17.7825,17.8615,17.9918,18.1713,18.3964,18.6627,18.9641,19.2933,19.6417,20.0000
20.0000,19.6233,19.2569,18.9108,18.5939,18.3139,18.0772,17.8885,17.7515,17.6684,17.6405,17.6684,17.7515,17.8885,18.0772,18.3139,18.5939,18.9108,19.2569,19.6233,20.0000
20.0000,19.6417,19.2933,18.9641,18.6627,18.3964,18.1713,17.9918,17.8615,17.7825,17.7560,17.7825,17.8615,17.9918,18.1713,18.3964,18.6627,18.9641,19.2933,19.6417,20.0000
20.0000,19.6952,19.3988,19.1188,18.8624,18.6359,18.4444,18.2918,18.1809,18.1137,18.0911,18.1137,18.1809,18.2918,18.4444,18.6359,18.8624,19.1188,19.3988,19.6952,20.0000
20.0000,19.7786,19.5632,19.3598,19.1735,19.0089,18.8698,18.7589,18.6783,18.6295,18.6131,18.6295,18.6783,18.7589,18.8698,19.0089,19.1735,19.3598,19.5632,19.7786,20.0000
20.0000,19.8836,19.7704,19.6634,19.5655,19.4790,19.4058,19.3475,19.3052,19.2795,19.2709,19.2795,19.3052,19.3475,19.4058,19.4790,19.5655,19.6634,19.7704,19.8836,20.0000
20.0000,20.0000,20.0000,20.0000,20.0000,20.0000,20.0000,20.0000,20.0000,20.0000,20.0000,20.0000,20.0000,20.0000,20.0000,20.0000,20.0000,20.0000,20.0000,20.0000,20.0000

Time: 99.9
20.0000,20.0000,20.0000,20.0000,20.0000,20.0000,20.0000,20.0000,20.0000,20.0000,20.0000,20.0000,20.0000,20.0000,20.0000,20.0000,20.0000,20.0000,20.0000,20.0000,20.0000
20.0000,19.9515,19.9043,19.8595,19.8182,19.7814,19.7501,19.7250,19.7067,19.6955,19.6917,19.6955,19.7067,19.7250,19.7501,19.7814,19.8182,19.8595,19.9043,19.9515,20.0000
20.0000,19.9078,19.8179,19.7327,19.6541,19.5843,19.5247,19.4770,19.4420,19.4208,19.4136,19.4208,19.4420,19.4770,19.5247,19.5843,19.6541,19.7327,19.8179,19.9078,20.0000
20.0000,19.8731,19.7494,19.6320,19.5239,19.4278,19.3459,19.2801,19.2320,19.2028,19.1929,19.2028,19.2320,19.2801,19.3459,19.4278,19.5239,19.6320,19.7494,19.8731,20.0000
20.0000,19.8508,19.7054,19.5674,19.4404,19.3273,19.2310,19.1537,19.0972,19.0628,19.0512,19.0628,19.0972,19.1537,19.2310,19.3273,19.4404,19.5674,19.7054,19.8508,20.0000
20.0000,19.8431,19.6902,19.5452,19.4116,19.2927,19.1914,19.1101,19.0507,19.0146,19.0024,19.0146,19.0507,19.1101,19.1914,19.2927,19.4116,19.5452,19.6902,19.8431,20.0000
20.0000,19.8508,19.7054,19.5674,19.4404,19.3273,19.2310,19.1537,19.0972,19.0628,19.0512,19.0628,19.0972,19.1537,19.2310,19.3273,19.4404,19.5674,19.7054,19.8508,20.0000
20.0000,19.8731,19.7494,19.6320,19.5239,19.4278,19.3459,19.2801,19.2320,19.2028,19.1929,19.2028,19.2320,19.2801,19.3459,19.4278,19.5239,19.6320,19.7494,19.8731,20.0000
20.0000,19.9078,19.8179,19.7327,19.6541,19.5843,19.5247,19.4770,19.4420,19.4208,19.4136,19.4208,19.4420,19.4770,19.5247,19.5843,19.6541,19.7327,19.8179,19.9078,20.0000
20.0000,19.9515,19.9043,19.8595,19.8182,19.7814,19.7501,19.7250,19.7067,19.6955,19.6917,19.6955,19.7067,19.7250,19.7501,19.7814,19.8182,19.8595,19.9043,19.9515,20.0000
20.0000,20.0000,20.0000,20.0000,20.0000,20.0000,20.0000,20.0000,20.0000,20.0000,20.0000,20.0000,20.0000,20.0000,20.0000,20.0000,20.0000,20.0000,20.0000,20.0000,20.0000
